-52.006079 51.468693
-50.852360 53.990954
-50.633452 55.617381
-55.356663 59.898185
-52.912652 63.477498
-50.645821 63.231055
-48.261260 59.813037
-49.691562 54.189691
-45.504812 45.593766
-47.351417 41.097422
-46.227855 40.848886
-45.062903 40.827109
-45.574055 35.048630
-47.126202 34.077526
-47.872554 38.833681
-49.022998 35.985697
-52.623649 39.550310
-52.444897 44.127274
-55.331605 43.248436
-51.409739 37.577770
-52.417324 29.193436
-53.793810 31.520286
-56.152291 28.312812
-53.009404 23.678971
-47.885890 15.973208
-45.384790 14.112287
-47.479101 9.883183
-49.671127 6.607177
-55.041620 11.099045
-53.476658 12.698667
-54.151095 12.250317
-52.835223 13.136077
-51.609995 11.846570
-51.349985 13.556217
-53.331098 16.719719
-51.573067 19.195211
-54.052917 17.659533
-54.654012 17.604682
-55.244688 19.628000
-59.138411 22.120891
-59.169980 18.108016
-59.924365 13.901962
-58.596745 12.608373
-57.061432 6.110629
-57.269262 5.395615
-58.166350 28.606612
-56.291757 42.973055
-56.295209 43.624094
-56.269100 103.018313
-57.422448 98.344676
-59.768880 99.600290
-54.951664 91.637919
-55.417180 93.495435
-51.637020 100.501017
-49.574750 90.425140
-45.782322 93.185281
-45.207078 94.603644
-45.196970 98.315211
-50.560487 97.081713
-49.452662 106.296744
-48.745001 102.609354
-51.144651 110.485789
-52.231440 107.098183
-55.054988 114.646639
-55.766235 120.570905
-54.646677 121.552836
-53.199663 122.746559
-51.478431 122.098343
-53.178344 117.526951
-49.396492 112.900019
-50.028167 114.986515
-46.290615 116.603942
-45.219967 117.411069
-45.475913 121.346901
-48.012045 120.510102
-46.869293 126.097071
-47.191060 134.385686
-48.404409 129.921394
-52.806341 134.600607
-52.461525 129.129189
-54.501278 128.241481
-55.916061 124.718247
-55.097442 129.548420
-57.391381 134.398354
-59.987945 126.397649
-57.802582 124.513287
-57.595916 157.435935
-56.719522 155.682796
-58.448053 150.986386
-57.668096 149.238039
-56.943329 143.576862
-58.131896 142.725738
-58.252958 137.332418
-53.793419 143.364198
-50.825403 144.245550
-48.078214 139.736605
-48.837253 137.670317
-49.076824 137.015425
-48.869611 135.519343
-48.155701 135.479014
-47.794466 140.866520
-46.528414 143.271061
-45.477728 144.624227
-48.569819 143.991091
-50.098405 141.374976
-50.302449 148.250391
-49.552821 151.197280
-46.780702 152.949634
-49.557513 156.952564
-51.652504 150.799906
-55.358187 160.583979
-50.748241 161.726963
-47.192330 158.880535
-45.597044 162.093354
-48.206842 173.381395
-49.777787 176.516350
-52.560918 175.390651
-51.678019 174.575595
-55.272327 170.861868
-54.946114 173.119883
-56.454200 168.642457
-58.582811 168.236421
-57.311799 161.923040
-57.049704 157.622826
-59.747114 166.314607
