31.2304 121.4737
39.9042 116.4074
40.7128 -74.006
51.5074 -0.1278
35.6895 139.6917
-0.813242 51.726797
51.002152 179.677335
-59.76888 99.60029
-49.036231 -94.893794
12.02192 -144.210201
-7.414567 -95.928421
-10.023677 -120.852602
39.740341 -50.130508
-27.768505 -67.971729
-33.406865 67.226997
19.773532 24.330786
57.891071 -130.864637
-44.912446 -145.893732
-45.89474 72.691372
-10.290103 -89.273916
26.522647 111.425013
-13.215741 -50.913879
-39.594987 176.699985
-48.869611 135.519343
-8.670699 1.637271
18.558869 151.44341
24.187194 50.664252
-49.076824 137.015425
27.14507 -141.170508
21.40754 -26.435135
55.845604 176.53946
-51.631588 -138.08084
54.717652 53.466742
51.861474 -114.302594
-51.924231 86.169904
-23.437064 66.531548
33.080071 27.887675
-26.480525 -45.420808
31.982072 -8.132621
30.809185 164.870865
-16.831952 -74.39975
5.78617 117.571957
-53.610355 -45.22721
22.852272 -58.865573
-4.032578 -44.272516
-39.541811 -47.274196
1.711374 27.703977
-44.638065 -105.305581
-42.375295 -73.055165
-12.199037 -14.080489
35.560873 -28.275713
-32.941056 -12.885262
-32.406417 150.439075
-34.432666 101.494411
11.281971 129.072166
-45.736564 -33.391286
41.282446 -49.378979
43.871509 62.874892
-43.585357 -40.696812
16.15725 128.594217
-29.669012 -111.915665
-54.725387 -90.298329
-26.03194 -8.656868
30.508745 -50.483265
-55.356663 59.898185
11.030647 32.768983
-23.652591 -21.832482
37.55785 -50.464063
-39.982358 165.120399
-32.64733 -159.16978
-21.977859 -49.4841
49.705276 77.172005
8.060026 130.870307
-27.027194 58.675344
5.985569 -173.112286
-27.762699 -12.014596
-29.331223 1.813239
-45.718354 -97.9025
-5.342821 95.418319
14.823161 145.535177
-24.895548 -32.604494
41.884739 146.171273
3.358592 134.608577
-9.042729 -124.841474
-11.163941 106.332044
-45.38479 14.112287
-32.745027 -56.017197
34.886837 83.582618
11.969431 -8.232307
29.783558 -3.017123
3.382222 178.719281
-0.688235 88.159621
37.85668 -111.886559
-6.555567 147.709967
53.373778 -106.992495
3.807917 -117.944866
50.488635 150.146439
10.055762 18.219268
25.057794 115.195994
50.630688 -84.605591
-19.445025 20.634489
51.861628 -90.721992
52.763157 81.052991
46.512086 133.580467
-32.691294 -139.505977
-10.206868 19.631001
-49.596102 -156.539738
35.355022 0.683183
-55.965179 -64.205326
-10.348335 -102.66358
-59.78044 -65.766017
41.28308 -84.180631
-56.295209 43.624094
-35.955818 -8.050582
-8.192737 -29.270254
28.566144 -44.160611
-15.804728 -1.427804
-56.2691 103.018313
-38.455827 -126.030389
0.055011 77.928924
-28.593629 97.268158
-18.560985 -85.688841
-32.973756 157.317205
55.272346 131.861158
22.8128 137.032202
44.197029 100.265428
-50.255973 -96.52017
35.009325 57.179165
0.000516 -145.902766
57.965838 86.774192
23.979784 -113.438594
-17.01946 -39.328641
-40.181026 105.932191
-45.387179 -48.47556
9.369622 75.113117
5.607546 44.77059
-41.901045 -83.989096
-55.759131 -11.569229
-49.671127 6.607177
-27.202338 -24.111116
26.653002 177.885302
58.462214 -105.363152
-43.234957 52.10695
20.766379 -2.973908
-0.10642 -81.408933
8.811606 174.967178
-56.274091 -48.588022
36.495608 145.243787
-38.305678 138.769333
-54.052917 17.659533
-5.841625 -131.526444
-22.951533 -64.026837
-46.227855 40.848886
59.052622 -175.26008
26.328167 117.390242
34.814582 -137.554485
-6.017751 62.469334
-49.61875 -30.382298
-6.985876 65.845074
-42.44807 -150.711651
58.952012 -28.952343
7.545713 175.709496
-53.283565 68.653912
-24.078176 42.967058
49.628032 -120.872525
-31.851434 -35.863844
-9.955004 144.918633
-32.230856 31.606191
25.0507 166.957433
-47.828679 -117.956061
50.102943 -119.111829
-8.399549 -23.290388
43.68337 -102.962687
5.901443 -7.943879
-15.861439 -111.043668
49.073303 -133.559008
-58.582811 168.236421
-45.400375 -108.218393
-53.242755 -131.713219
-37.457674 -175.579774
-48.569819 143.991091
-58.963548 -10.521488
8.801971 52.398762
55.441953 10.724431
-15.829638 -175.657794
-33.432568 153.849236
-49.396492 112.900019
-6.079576 61.080178
-57.391381 134.398354
-40.184092 -51.854387
-9.767083 -67.378293
-28.576056 -89.215446
15.843979 -28.869496
-19.628123 81.339439
-48.745001 102.609354
36.044708 148.689859
-13.686495 -93.931291
-20.680729 -58.762142
32.335889 88.607348
-51.478431 122.098343
-39.698274 65.65058
-58.252958 137.332418
23.268176 -56.892383
0.558055 -0.328846
1.006893 -37.243301
27.306692 -76.0352
-52.835223 13.136077
-43.192967 -110.461947
40.603438 -105.06717
19.081514 74.108896
-29.581211 145.361789
26.293968 64.18126
5.997059 63.532903
32.921867 -136.553771
10.596135 49.6061
-57.125011 -81.65959
22.341879 68.596977
-32.571136 -87.493373
48.560541 47.362651
-52.240027 -55.605548
35.604294 -36.150735
-12.034382 -96.213318
-45.574055 35.04863
3.309693 -158.648622
28.481788 131.240731
5.318111 61.216232
-54.383905 -35.914673
-56.305838 -14.464822
-6.983409 -19.008858
16.315062 -63.804574
32.440548 -157.673846
24.190811 177.316484
-42.488392 -70.813692
21.821867 106.407872
53.011166 113.833575
3.192802 -137.713472
-44.639172 -100.848483
-12.589195 147.540889
7.93734 68.542943
-1.38931 52.064384
29.783771 103.028245
-1.449535 -77.225636
-47.872554 38.833681
-21.647818 -131.149263
-14.48084 124.648762
-23.662396 5.25432
19.218501 146.809407
14.711132 41.57561
44.746095 55.360479
-58.16635 28.606612
39.876581 2.806959
58.269362 -51.070553
13.626503 136.20983
43.769241 109.472701
-48.178786 -10.022406
-27.909566 143.066309
21.605031 145.737297
28.776376 -117.36036
4.362106 10.594287
43.550937 176.730012
39.688852 -142.502382
27.278706 -132.259418
44.761781 -32.665003
-9.602664 -176.066996
19.758165 59.149579
48.595676 116.095647
37.170565 14.074481
-33.615185 -126.353724
34.013632 -29.178893
-10.520003 13.535819
52.612888 -176.714554
52.23757 -20.67237
10.015782 54.300681
12.698087 35.724534
3.787364 -142.391406
-38.784507 -33.067802
-1.797789 159.874501
36.680555 -114.844497
-15.229554 -50.774077
-49.022998 35.985697
-5.84218 167.312495
-2.722998 90.126995
21.44214 143.983452
-55.272327 170.861868
-55.916061 124.718247
-4.201959 43.553497
-29.304456 148.494615
17.615656 -170.06263
53.830716 90.229121
-38.212226 66.236444
53.651137 -132.378804
0.258547 -40.640414
25.485308 79.694693
45.89588 -143.744913
56.663379 147.947321
-12.982042 45.951127
45.854706 -25.469483
-34.900143 -90.052382
1.105576 6.322563
-9.805536 38.436829
-53.009404 23.678971
31.691854 -49.955217
33.93233 -1.282955
26.959214 -54.150846
-41.743762 13.459275
-41.07178 13.432738
-57.668096 149.238039
-20.158441 -116.470518
12.120662 177.359002
28.125552 -30.193115
52.470114 -97.789859
-8.146017 42.375066
26.932791 -153.146222
-33.189619 142.222121
29.845874 163.352859
5.676828 74.931926
7.843358 167.712867
59.882227 -130.625023
-9.005571 -79.329562
19.05439 106.435125
36.80755 -42.247813
12.793979 -96.685681
-26.912446 -10.462926
-30.710506 -72.251006
-1.620249 -148.86151
-55.249982 -17.712626
8.576379 119.715461
47.516496 -28.521557
-53.178344 117.526951
-53.279186 70.476885
-8.646213 -131.799826
33.002825 -85.716609
-20.143646 -58.965566
7.317307 -21.705368
31.565199 -26.671043
49.297479 -157.547475
58.545643 -163.965088
-38.218288 -125.44641
-34.885206 -87.184946
23.567911 -149.799378
-45.811115 -88.097677
-26.691805 172.535138
41.833579 20.658364
33.525712 -91.098635
-38.62974 -124.378859
-29.360583 -143.774389
-1.475594 108.295945
-8.640037 -43.457692
-54.951664 91.637919
22.260979 135.901625
57.186225 121.51855
57.063544 -167.919157
33.548002 111.694801
-7.925476 -101.166586
31.452663 39.816843
-15.607209 -147.204216
44.004746 -26.446669
-43.308164 -140.219978
53.351942 -161.580974
-25.960233 34.851916
34.057114 121.864836
-56.719522 155.682796
-42.162115 35.717413
15.377618 -67.743441
38.617112 -81.028832
-50.693328 -132.712095
-14.495231 102.945719
52.17769 123.897724
29.104102 125.171206
-36.137639 28.788448
41.732895 -144.199254
-57.269262 5.395615
44.080766 112.60148
35.253398 37.389937
-26.025009 -135.201495
14.903234 -25.513262
-27.811276 -93.966318
-1.012609 108.709403
-15.000757 169.218336
-40.440295 -21.766706
-21.970293 79.441242
50.438994 122.609862
48.088035 82.238849
-20.433097 -64.056107
46.047611 54.222102
53.598526 -91.511088
-6.216173 -55.752551
38.676084 -166.346266
-3.294129 -38.50423
-54.536755 -32.2395
-38.368507 40.967549
31.787369 -160.808098
9.730892 -146.573649
26.662669 -128.843637
-47.154075 -155.076563
52.629646 -46.860248
39.39129 -179.976517
-39.232161 -113.668501
-45.19697 98.315211
27.313464 52.512438
-24.121567 -35.837575
47.131514 128.881819
22.172256 -43.844513
-45.510446 -84.080202
37.483374 -20.977178
-2.953016 6.875687
52.874557 -42.983903
-47.19106 134.385686
-48.837253 137.670317
-19.447781 -32.373502
10.078049 -21.160627
32.238633 97.547954
-16.092115 13.396403
47.501227 109.491515
15.2046 -18.084886
50.479708 -177.842722
-59.221336 -86.419623
9.098939 33.501697
1.84263 -150.201561
37.455234 -109.524647
-0.673537 114.86977
-21.534357 -16.631042
6.429876 -142.909454
-52.444897 44.127274
-5.370897 56.190078
26.940152 0.812018
-47.590496 -56.474208
2.281076 137.106513
28.620148 -137.826147
51.95815 -80.614359
45.582884 -71.277721
15.671912 35.189178
36.70413 108.520893
-36.235272 -12.287751
1.600933 60.048023
-14.979699 -170.268315
20.49103 -86.968383
2.287097 -175.846742
16.906001 114.727257
49.351957 -162.65153
54.630544 117.139182
-6.093849 -94.830886
-7.206924 -104.175287
-25.958357 170.821493
9.461416 -64.477555
-44.109069 -95.344939
57.821033 85.764397
-43.152079 -105.286488
-47.261002 -24.598354
53.244413 -96.661935
-21.821602 23.955413
33.02563 54.920505
-53.822482 77.324512
32.064845 179.626997
35.557432 60.689955
-12.48397 49.367365
-33.649897 29.402219
-14.005277 -53.465025
57.511619 -1.679566
37.816285 122.63865
9.98015 -51.871667
-54.541843 -139.996503
47.087836 -69.281879
33.532537 -78.398615
45.121455 111.832039
-59.464489 -68.225621
-30.232996 115.870541
48.951787 32.365261
-36.052078 -163.148084
-34.0914 -20.335762
43.901008 55.954556
-57.787147 -44.624853
1.555309 -68.580987
58.929136 45.442135
27.268126 -138.670431
-37.63367 15.176264
-7.737615 139.65972
41.382976 -51.303871
54.486484 36.655305
-51.144651 110.485789
-5.58623 27.057695
-32.453662 -67.841172
49.62791 0.148582
-23.746649 -29.443639
-42.318351 47.436336
7.569808 -37.978796
-2.941441 85.447363
18.091059 -39.135609
-28.247376 106.053436
-31.262108 -49.57128
58.74898 163.413815
57.449974 128.08398
-10.29775 -9.150448
2.576625 103.652707
-51.525416 -126.808562
38.844837 7.664547
0.646207 -165.058254
20.366452 -136.341995
52.485617 -24.800276
-48.655447 -24.039395
-9.913571 59.076503
-34.445728 27.160919
37.9572 -39.052046
22.863281 143.614464
13.392699 177.917836
52.980095 -65.530411
-59.924365 13.901962
-38.133256 145.250074
-27.655016 -122.757044
31.326353 -58.151163
-6.819282 -167.29046
-21.510218 -87.793693
7.838712 -178.248355
-39.514114 14.059246
41.032144 -59.730996
-49.034141 -164.977527
-41.941022 -164.924047
46.63068 161.083145
-59.298451 -175.959861
-30.972648 2.505989
48.553492 168.385055
-41.744294 -170.04269
8.012311 112.942487
-6.817522 4.501441
-18.585726 147.831567
-8.943333 -26.823132
6.016479 16.194464
43.098114 -144.78203
-32.496115 -85.843273
-32.87723 -171.81534
37.823499 -5.98207
51.225745 -4.831153
-54.501278 128.241481
-38.802683 -123.408703
32.820183 103.531172
27.98534 -63.811283
-55.358187 160.583979
11.52549 105.256864
55.023624 81.125973
36.617815 151.886439
-6.379765 -158.262354
48.880533 83.518319
-59.408819 -125.008476
23.902905 -50.1588
26.599365 -163.07193
58.326885 -106.850377
41.905153 -99.063578
-15.822546 125.861105
-51.349985 13.556217
4.299381 -68.632719
-17.51715 67.640658
-45.907519 -124.385848
17.552257 133.340456
57.515239 -105.385485
-56.291757 42.973055
-59.066548 -80.716611
-56.152291 28.312812
56.936921 -39.229773
-49.691562 54.189691
39.679785 -9.530271
-51.269861 -38.039259
35.893698 162.206
-56.4542 168.642457
46.795152 46.040511
9.015556 -73.406525
-9.044187 -82.671748
-50.85236 53.990954
22.956446 -178.482652
-4.803142 149.185095
27.825236 83.102184
-36.855339 146.426196
7.597746 77.917911
-28.500015 125.347222
-50.44604 -59.03538
-15.039545 81.173174
-6.078927 29.248944
33.738661 -6.274829
32.237807 -37.178246
-42.906154 152.581954
-13.479441 -121.232943
1.035017 -134.771305
19.676371 -67.463447
30.083276 57.39178
-11.047068 -110.918904
-54.821716 -162.692444
-55.907987 -53.421948
-39.78849 4.486258
13.995166 78.839427
37.026626 -129.535819
32.171305 -96.681964
6.682219 79.81241
-8.307364 -74.89639
5.162555 139.536921
46.023153 49.401738
-9.92411 61.234943
-44.578061 -80.982617
41.374105 115.30017
12.50786 28.631787
24.570836 60.15169
7.550826 -172.50237
-27.78453 -10.444662
-45.467474 -90.920876
24.749882 -16.703556
53.115871 -174.790241
-28.337799 -114.318535
28.218812 -157.139172
41.54741 -147.981094
34.240981 108.549242
-49.557513 156.952564
-29.930135 42.807151
-24.070681 -132.063778
15.62134 -4.470336
59.822763 4.601507
-4.228415 -129.69802
-20.800434 98.779368
-3.950829 -157.253636
-41.125922 51.466684
43.937337 172.542019
-40.685319 -8.617902
-53.010253 -153.235711
47.109404 -173.638194
11.379568 108.832748
35.049282 116.068018
-27.048938 -155.885348
17.087765 166.304976
-3.955771 135.772283
-0.007369 46.963503
-27.717273 -92.858873
-13.658134 -27.360146
-14.822807 41.503697
-24.619206 -158.284779
-40.913864 -69.353593
37.128062 -50.383136
16.747842 28.095772
-11.576518 -67.87538
31.218782 -176.299661
6.626426 -57.860124
-10.548719 136.310937
4.743415 -71.720237
23.509713 -84.112479
-51.52192 -12.802356
-28.580918 -99.16346
10.983842 9.156878
48.76772 53.425594
7.643578 -10.691312
-38.078358 -135.082939
-40.182074 -152.949411
41.990792 90.325832
-59.209927 -26.164171
11.823499 164.9391
2.741502 4.86355
-38.69388 -5.849593
35.196731 -48.886664
41.022535 106.963195
35.127358 81.573466
-57.061432 6.110629
-1.551142 175.658827
-49.777787 176.51635
-4.171073 111.617637
23.953281 -168.788493
-2.499169 -109.929052
-26.820386 22.439209
-21.565958 138.559577
43.064848 54.777029
-17.516928 -164.8473
-31.616451 159.399876
-49.072703 -55.271537
-46.290615 116.603942
-15.199935 177.869035
16.275309 159.050188
23.68551 -48.897341
45.69844 -136.029083
11.467151 145.78869
-23.525641 -5.481129
35.000625 -113.506355
-32.509126 -22.188402
45.903991 -24.255179
40.964084 -135.773644
-37.097916 -157.992416
-32.443624 16.953865
49.14259 14.337843
58.668195 155.178411
45.249165 145.617041
20.317129 56.360265
-52.23144 107.098183
-25.202005 -29.159808
-45.207078 94.603644
-0.677055 11.644464
51.222877 -139.521088
-27.948244 -4.527283
-22.523562 -150.182487
38.419858 -67.003931
12.049851 125.780316
0.858959 -10.102177
-50.645821 63.231055
43.761658 6.42496
24.167974 -63.25128
-50.028167 114.986515
-49.57475 90.42514
12.436988 -105.532632
-45.782322 93.185281
-51.927695 -159.924063
-47.351417 41.097422
16.306101 168.166208
40.057933 -162.111006
-57.663702 -4.698485
-22.046713 50.94994
-13.809868 -79.776481
-24.708569 161.119214
-20.933392 72.23948
51.915391 103.332473
57.414421 -100.792659
24.168056 49.624063
-34.759563 36.722297
-43.84777 4.040734
-16.993752 -38.824387
3.595298 -80.14685
-2.679141 96.314791
34.363601 91.989876
29.577643 75.542939
-8.189318 15.146172
-36.040016 -13.117543
-19.235027 -110.833943
8.030775 92.580289
13.143866 75.30339
-45.84093 -84.210712
-20.685073 163.209702
41.813907 123.26025
-48.26126 59.813037
41.989494 -39.922886
47.159433 155.546479
13.380402 -159.080908
3.79963 -82.442702
-55.244688 19.628
39.968792 -174.758752
-12.666589 -130.18935
-21.467445 61.893959
-42.569576 -141.069328
5.257364 118.493382
-47.037545 -32.988228
29.867707 -88.01338
-11.711962 147.636668
54.836594 -29.342272
48.222136 125.960263
-16.241847 161.713486
23.985364 174.548071
-45.073183 -95.989213
21.391434 133.305336
14.406521 -179.206511
50.72181 83.421972
-40.590031 -78.539351
-55.331605 43.248436
-37.989335 -73.100691
-16.694801 77.575971
7.786663 22.929616
-30.525845 -0.881108
-14.686809 -8.696101
5.434429 139.381052
15.882024 -157.449797
-43.433562 -62.114498
13.988455 56.072683
2.019197 -154.318245
25.346148 99.208945
2.284803 134.357898
14.05959 15.076696
46.28021 -136.82566
36.105247 -157.001904
-4.574538 85.681041
-34.700364 -155.747478
53.768549 -160.443833
24.383493 -34.798616
26.163461 -61.038086
-26.353038 -2.550663
-30.759974 64.797316
31.674211 141.364414
-50.658069 -13.706796
-52.560918 175.390651
9.597735 -37.408102
-58.596745 12.608373
57.071109 -141.111148
-48.404409 129.921394
18.14115 -142.935096
-48.206842 173.381395
37.808393 157.514618
20.269098 138.177126
35.543261 128.756107
-23.4058 -88.414518
9.629334 73.356277
3.417983 -173.873527
-2.197899 71.705232
-16.805287 97.38899
-55.096119 -97.050425
54.589881 171.832634
-19.980724 178.453409
55.918792 -101.984115
-0.565698 -80.713771
16.451477 115.570998
18.098656 8.15011
4.368866 -39.981902
-4.38879 79.825547
24.91199 60.955772
15.269958 158.084942
59.334234 86.017303
-54.406663 -171.411584
-0.664653 -69.054706
-54.946114 173.119883
6.289317 -51.611068
14.464046 -159.217665
-52.006079 51.468693
-56.56187 -141.473694
38.419271 114.301308
-10.593751 159.126239
-29.951533 0.578329
17.082311 -68.421355
20.458196 96.753394
-14.85677 156.969403
-32.265309 179.202119
-57.039688 -54.627765
56.588046 -95.500559
-27.453313 -17.12361
-26.344505 -171.17835
-47.365146 -54.183346
-37.036982 135.86249
35.23027 80.222699
50.677904 -10.995878
-59.747114 166.314607
-22.569128 164.140555
41.02091 -71.247895
-15.464828 147.18369
36.451332 64.794943
20.558212 20.36623
-14.316579 29.584767
48.677889 84.552482
-15.583672 -34.659182
53.295967 -92.690338
-2.99272 -60.677637
18.093204 -10.479575
-39.102246 57.036243
-48.35545 -60.271151
48.276782 -77.906688
0.377737 -50.397561
45.646257 -69.070487
-23.272927 141.137676
-40.968055 121.446075
-11.455967 161.397894
59.273717 7.567356
14.79353 59.873347
2.177779 30.801997
18.923086 -159.714585
36.264449 103.682176
2.714157 114.643419
45.246166 36.459628
-48.112954 -111.3631
47.358003 56.546549
-37.536416 -100.846419
-3.189915 67.896863
-16.814401 -42.17311
58.258268 -9.393769
32.657079 -27.634826
-36.205993 137.327472
-40.726246 -35.416133
49.57267 -54.217426
50.545623 -76.543259
-7.545354 -179.624795
-53.00507 -122.315215
3.050869 57.955464
-47.491299 -101.459532
40.859887 94.90871
-23.871701 -8.68572
39.648637 96.212076
-0.456773 -46.624407
24.922143 148.11907
41.78382 114.072124
-27.417583 -84.174954
-42.290756 -164.160845
41.276572 57.361583
4.271087 5.494344
-6.472348 -84.542544
-6.695874 162.656609
-17.520123 -166.511445
-5.073078 173.084483
-28.336647 65.87315
0.829828 121.933136
58.975723 -82.391411
56.643409 97.319655
-55.237902 -171.867792
-41.984712 69.688308
8.325471 33.146864
-8.022167 -159.520554
57.898915 -45.622914
-36.284759 -88.885732
-18.25586 109.739593
-49.471777 87.53824
56.442528 0.196755
38.554814 -124.431307
-14.489089 -132.449067
-26.739723 -79.082737
-36.533831 18.848022
-24.520328 -176.938072
10.094269 -176.269679
-41.384116 -29.71427
-1.741172 77.203079
5.619915 20.194526
-45.682935 -94.877503
0.761592 1.744079
46.691832 120.098627
12.018544 66.035852
28.605298 -121.012713
58.24555 26.341414
45.154624 -83.93741
19.769203 -73.592864
58.70566 81.69054
21.771789 139.247563
57.514109 -7.842707
56.512175 -142.287512
-25.08213 113.226811
-51.243488 -112.726696
31.214704 74.550395
-54.537456 -54.434275
0.12857 11.197229
25.513205 167.235858
11.00517 -119.534654
-5.442195 11.117445
0.19478 107.150155
-28.334708 -105.762169
-35.929422 -46.377573
39.78803 -27.840415
-5.620967 -152.526133
42.483578 -168.407927
-33.443175 19.507176
11.210336 -39.59264
24.710049 -127.972091
30.882692 -147.584134
-47.399143 -145.932623
-31.416584 -74.030292
-35.723334 -119.780571
12.295344 -0.735347
8.573387 -139.025251
-30.254837 -156.921975
35.410435 -174.584702
46.490398 11.244544
45.182881 35.338477
-4.770248 112.701436
-14.997029 -143.665325
38.21231 130.885253
-39.450159 -24.65844
52.788735 -141.809936
-22.328227 -119.638686
7.697193 92.921417
-29.737684 98.564666
-16.334136 -57.510947
26.544862 149.369042
-32.328795 6.243645
16.96484 96.185134
-22.115798 -127.35245
20.663506 36.722477
-39.67696 92.253701
52.270455 50.717801
5.375732 -164.37581
14.799099 -157.963494
19.28558 72.084167
47.387834 -135.927379
-50.12177 74.669963
-21.988411 7.386098
-37.240363 -117.464499
28.789854 -104.687496
39.06505 -131.445341
-52.73938 -65.159115
54.286082 152.738485
27.438556 80.31093
35.213804 -97.771414
37.144562 165.000212
40.527818 -8.700163
48.302833 65.32702
3.474461 -18.503805
24.639294 127.009567
21.558444 35.119384
-24.662667 -48.270614
-6.935603 -143.323471
25.209418 -140.094499
-11.94164 75.153328
31.953303 95.252318
0.704616 -64.497426
-41.193225 37.279481
-29.416654 -17.915601
23.785921 18.648541
44.164134 113.021919
-10.823335 -133.142603
-43.589322 103.046211
29.476338 134.193323
24.755273 -132.50238
-57.595916 157.435935
-13.157438 -87.751409
32.787699 92.444686
12.080795 2.109051
-25.013168 -122.547564
-9.464219 -0.058256
19.982936 48.884804
15.033092 75.060557
55.214992 173.358306
-35.014654 162.63048
-16.947526 -94.839361
-9.804434 -132.757848
32.262098 -130.97575
6.592406 -72.733058
30.659328 -178.647381
18.744758 -25.105512
42.347529 155.585451
38.868932 55.308033
27.152045 22.379506
9.098599 -47.667484
-46.528414 143.271061
34.777636 86.072152
-15.771836 94.181987
16.763696 -90.187939
-2.198211 -130.949212
56.867011 142.169165
-44.341813 91.495808
-37.969556 136.810593
28.643228 -41.906171
45.923515 -11.18388
-52.83372 -150.943334
-55.054988 114.646639
1.030018 96.339051
14.815749 -84.959999
-3.294994 75.730193
46.758031 -124.067751
47.486098 163.779344
48.002618 16.924695
48.365837 -155.354054
-45.597044 162.093354
-32.209411 -102.291045
33.509535 29.875613
-25.976507 38.65044
41.33575 -7.667997
23.220054 -0.243987
-30.168701 -175.354785
-14.271593 -61.673336
19.13038 64.718649
-24.197764 114.299808
-50.748241 161.726963
1.559214 115.870871
-21.211353 -8.952431
-52.914712 -178.238577
-31.982489 107.940389
28.837922 19.292125
-7.987562 -17.371414
-6.507604 68.933902
-21.411097 72.721226
-43.394912 133.55486
-50.560487 97.081713
-49.552821 151.19728
24.087829 -118.906389
-25.730427 167.814392
48.282704 -7.90658
-32.384425 145.308336
18.931142 -64.523536
41.54315 111.070676
-58.131896 142.725738
54.404116 115.270295
-11.98222 -10.907207
-24.912386 -115.783185
33.503835 95.699308
39.537284 -8.668987
-47.901041 -15.837083
32.685366 -169.495113
5.11658 -40.87572
51.053527 -153.091388
39.740656 87.885064
-42.256863 -28.088299
-32.913767 -10.778439
36.629133 115.030631
22.105109 -57.610427
1.088462 -129.304383
-26.203077 16.935411
-46.780702 152.949634
-37.657799 72.151858
-13.449051 -100.412237
-42.477697 174.359725
13.085996 -8.812811
54.696723 3.62715
-37.805352 -21.448086
8.663875 -62.177998
0.429154 -74.262611
-4.003297 54.11767
54.205151 -44.18714
14.546704 112.719535
-0.565033 -49.585039
-3.793356 -26.490494
-12.6634 111.397399
51.419307 -169.037385
2.459104 128.159216
21.138884 -84.102887
44.844199 -45.956231
41.517305 141.037624
-32.711519 37.125444
33.741155 -31.864269
47.577672 -29.519591
57.396283 -130.13518
-22.8681 70.718869
-5.285866 167.006374
25.790325 -63.040237
3.046772 6.641634
50.901716 -47.783368
47.213765 142.396342
-6.414253 107.992825
-46.770453 -4.619511
-26.014527 129.325881
37.20727 98.687753
41.939358 73.964456
-38.728934 -56.736476
17.451492 -24.825387
-57.802582 124.513287
-53.331098 16.719719
6.574905 -32.371905
11.165151 -103.43126
41.169363 47.734926
36.438085 7.05162
42.134744 179.469043
18.882825 -35.897854
17.871524 -108.974868
-46.230118 -103.873045
29.726123 14.739273
-38.556745 -141.001944
-25.44263 21.804796
-16.776519 -125.15681
53.965758 92.728758
-20.783565 8.738387
-2.74072 51.474427
25.551604 -84.110016
15.96626 -30.49799
16.707721 -73.139713
5.680807 -128.761366
39.423099 -118.859667
31.945763 129.920351
55.835191 97.115929
-43.967331 27.525016
28.154054 1.761181
53.638619 36.141992
18.036305 147.767726
10.989862 93.592096
-32.237027 -69.015657
48.14744 -2.086984
25.198328 -165.56919
31.325576 143.384682
-40.542931 -175.375187
10.161887 7.321316
-44.105875 20.198419
7.734615 -163.957375
48.744777 -80.401908
-30.53221 -134.002995
5.480651 -90.878621
58.266857 -84.644557
-46.641822 68.718992
-20.353908 -126.015771
-8.102956 21.543114
-50.140775 -94.173396
-53.793419 143.364198
-4.617948 47.259117
24.787133 164.11226
28.870062 169.294109
58.943475 -17.593813
-30.285611 -114.393166
-11.460489 -86.635404
-24.706144 99.447552
25.84119 -114.889425
-55.41718 93.495435
3.179964 -89.92376
-40.672269 62.684282
-9.438475 120.905252
50.371393 97.646222
24.257718 105.96762
1.727805 14.125586
-42.211928 38.836806
-8.044529 172.122297
-31.858029 90.65105
25.989641 80.710385
-54.654012 17.604682
-59.987945 126.397649
44.777669 -177.596535
-55.766235 120.570905
-35.734453 -99.931738
0.129 25.852753
-7.083098 119.631163
35.553976 -127.110274
13.218637 169.452849
4.957041 113.50407
5.172152 -12.967672
-19.338215 155.970556
-35.056356 148.160043
38.495885 -112.310935
-31.30651 -166.957531
-11.180868 113.352491
-5.508605 -71.214661
43.138477 115.430326
44.765647 -109.855068
-24.340866 -8.685231
13.241942 -8.501641
-25.44162 155.008943
56.000708 27.791592
-11.016928 -176.415398
-36.533757 139.565071
-18.337267 -46.72078
-18.283703 -160.035058
-32.561153 99.398346
45.23169 -172.032049
-46.709059 78.238994
-25.539697 -169.447923
14.643981 23.536321
18.044072 144.813815
17.66579 0.273221
-38.378847 -55.294088
38.816173 -101.653816
30.863119 -103.192244
38.621724 -119.380937
-0.634683 143.239747
-17.211168 151.4338
-6.915342 56.218225
-24.822938 -127.739498
-51.776248 -163.465581
52.927379 133.552366
-54.031958 -64.812901
59.696948 -15.508038
42.536079 54.931526
-20.215484 156.063786
-15.45781 144.890171
11.780937 60.291717
-6.296538 -131.718451
30.159959 -47.7658
39.851596 129.078055
28.67676 -24.314479
22.758158 174.674831
17.74903 51.243104
40.145467 106.08151
-38.203569 -111.676358
33.111041 -1.3987
-12.142318 1.728509
-52.623649 39.55031
-14.445295 -168.525724
-51.409739 37.57777
57.15734 -148.401284
-5.332614 76.564394
29.105492 95.393953
42.047521 -7.213648
-47.126202 34.077526
34.484414 50.240173
-21.836738 155.034066
-7.224605 -95.862662
-23.168374 -71.136048
20.147546 90.409081
-48.040472 -46.747546
-40.665269 38.52985
-41.524033 60.807025
-55.097442 129.54842
45.362157 84.792641
-39.415341 -81.09659
11.567303 -7.322398
10.561424 -144.843825
8.60217 128.727773
-21.407846 -149.872859
-34.225444 39.13176
-17.35292 102.944086
0.970114 -113.739675
-59.224735 -21.499773
48.685697 4.199243
28.716087 27.732624
49.121772 -65.232658
-10.931328 73.145162
0.010439 129.737466
-24.316304 -129.678032
-6.64672 34.724918
-13.673902 179.864167
2.581286 164.10606
-23.727057 -25.365004
48.719908 -37.4081
39.874284 -28.560493
46.786617 -141.500845
17.375114 16.40056
-31.712594 98.515288
-14.49911 -136.761656
24.51556 -149.262905
-12.486564 -47.890274
-33.669001 -115.709408
56.415078 -83.656846
49.826173 -77.352064
52.348622 -14.696812
0.028207 -173.956593
3.539519 -166.976035
27.907339 -164.677056
-32.971249 62.010142
46.966595 -38.793083
-53.476658 12.698667
-56.346432 -103.235326
53.718412 97.875237
-31.553925 170.916312
-50.098405 141.374976
44.660705 -15.157164
-6.351655 -98.825103
35.226584 -6.299118
10.717581 -42.436922
16.444969 13.632649
35.016484 6.401483
-21.00981 -137.576718
-53.005648 -57.595538
35.256728 106.651469
16.856602 173.029182
-13.855295 137.943979
25.297115 26.418534
27.937717 46.305199
16.920372 -164.149619
-51.573067 19.195211
15.32735 -109.932454
-2.85027 32.959114
-5.651127 -61.702664
-32.035163 26.718774
-53.086844 -160.053156
-23.490747 -77.352586
3.418541 -7.568182
-54.646677 121.552836
23.409434 36.655851
4.635993 -51.910113
-19.075492 -83.437653
58.184886 -78.777223
40.851997 52.743867
-13.924279 -63.845175
4.457946 84.425943
-47.431419 -4.278651
-5.150848 -108.146357
37.273194 114.469367
37.452092 -161.265313
8.625376 -29.087178
-33.303212 -172.925864
-23.435849 38.235641
-34.287309 117.640868
13.808599 -7.289677
27.455174 69.840006
-57.215083 -51.293004
-55.722075 -59.378578
-14.722675 102.062683
56.072222 171.892106
31.958021 -11.741584
-48.201023 -168.663122
57.592076 100.017332
57.703677 131.558459
-4.142757 -172.609777
50.858504 65.919164
20.948762 87.753599
25.45791 51.318961
-54.013253 -166.253297
4.757154 63.958976
-15.612227 91.473021
-57.416074 -56.727525
-23.11048 -94.004027
41.517639 -133.130576
28.358878 -115.767892
23.019528 135.993664
-57.253573 -119.502617
15.009406 65.097135
-28.548309 91.717322
-58.448053 150.986386
24.600777 -29.786449
3.714575 -94.450016
-52.461525 129.129189
-7.043721 -41.594448
-38.035754 119.889793
-23.268349 -81.433853
39.30709 75.900217
25.755115 169.104017
28.905458 55.126871
-39.828782 148.913154
-24.151174 8.933339
-28.181411 -140.491303
6.19208 81.573
51.471153 -169.00031
-16.525428 -108.411433
32.732087 -80.934853
-30.615907 -121.303986
41.112068 11.461403
52.818706 25.155115
6.691878 96.834705
-38.262353 -29.541915
-4.882549 90.845128
-13.402948 1.552624
16.351383 -175.740884
57.635917 124.810779
-15.490258 129.350767
58.609096 -2.460343
-9.183179 -73.466372
-43.962396 -72.65482
5.238614 -178.611834
5.949989 69.350117
56.29903 14.49203
20.72651 149.331296
-43.146877 83.593507
36.815337 -55.996142
-29.919959 -29.252381
28.497912 121.111242
-44.766417 -93.624911
46.646869 -125.995647
-3.250871 47.917807
-41.387277 28.229568
-55.109308 -12.652367
51.063367 4.691476
-11.807456 -102.606678
-26.297884 -102.6879
1.638866 -118.30927
36.90056 -121.145723
-8.546294 -173.168574
17.949437 -14.90161
58.304589 128.954708
-59.16998 18.108016
-59.138411 22.120891
-1.022853 -39.310473
50.985922 95.559758
26.714991 105.338981
18.789888 134.380243
-40.501276 -134.29034
39.275105 -56.695031
-13.79767 147.673315
49.599371 -158.126323
35.632528 -175.685404
52.464615 120.721913
-8.338166 -46.42486
14.058371 146.229955
57.151063 86.160418
-41.509011 -17.991499
-17.13452 -165.73936
46.539534 -9.465284
-11.488469 177.1408
14.432748 -33.824829
47.789757 120.182873
5.750647 179.811059
48.171653 -46.376019
-47.492341 -145.579871
-56.650495 -23.309817
10.572249 92.795295
-13.364863 -159.303742
-41.5041 156.269794
2.867969 -153.352206
-10.584641 -60.726777
11.905222 -163.822345
-2.802863 -32.391911
42.566588 86.940288
-41.103388 8.48167
-59.601873 -26.060855
-25.602097 -28.441982
-47.778641 -52.962165
-4.602561 167.817022
27.171473 -30.330989
44.393682 -178.405309
27.148624 -109.636128
-43.366005 -139.881743
9.04105 -43.862658
-46.761229 80.874149
-1.034087 -150.580308
23.232784 -132.652017
30.940435 -165.332599
-24.426389 -19.959744
-28.868498 -82.661143
-23.785782 -50.63058
-36.977851 -15.689249
16.678344 93.565003
-9.684682 -0.33408
-43.26232 163.646977
19.433171 -60.978556
59.207825 162.478985
-27.698457 14.318496
-1.457994 -29.369903
-38.397541 -130.999991
28.006529 -112.443019
54.434973 -173.89779
42.046898 -60.116305
48.71181 2.745682
-28.542802 40.013831
10.717954 -129.42835
-59.937648 69.890562
24.274225 -70.137795
-4.820824 -32.958515
-8.801601 16.096061
-55.881831 -10.906861
40.451179 -175.367745
-20.879763 66.77341
-56.966777 -128.122489
11.568043 56.875749
-4.591847 -10.872013
14.509122 150.509196
-35.374786 -46.803235
41.269562 176.355049
-3.996787 143.747201
-33.825139 173.873367
-11.416734 -98.057493
-50.633452 55.617381
55.617121 139.465357
40.49561 91.115211
53.557374 68.908979
-31.62981 139.999054
36.491858 -54.142094
51.042702 -68.054312
57.378308 -105.628699
-35.067054 159.074349
1.472825 -139.62282
-38.095302 88.118347
50.406943 1.98534
27.968584 26.650381
59.365122 -101.298941
-23.643259 105.641333
-47.477249 -153.111776
26.259443 171.636296
-47.479101 9.883183
11.618478 8.241959
18.361032 133.213801
49.458937 -150.141632
-16.823092 -142.324114
-26.093696 123.685125
-38.197011 -79.63648
32.892844 117.834884
-26.563036 -162.533791
-23.8491 -74.365413
-18.956332 -70.402471
-25.67757 157.252067
21.951149 -19.506078
-43.701836 98.238013
50.838617 -66.543156
6.78065 24.994227
-16.486241 50.052132
-59.150182 80.603813
-53.199663 122.746559
-6.597292 159.459209
-51.678019 174.575595
-15.236457 -156.410001
-34.68915 89.966942
-6.431834 83.94386
48.879232 6.303797
-15.168221 -91.468585
-6.726635 114.740786
16.725134 26.739182
-6.862456 -178.687504
10.687064 120.579999
36.022754 143.161254
3.804485 -34.746405
39.524255 -73.47663
0.511599 52.4113
51.341946 81.504959
23.344002 5.30262
9.579054 -144.986485
-51.609995 11.84657
-2.819034 -12.919431
-48.078214 139.736605
-33.43386 -76.494199
-29.732059 39.013056
-56.943329 143.576862
23.317874 132.331672
24.256261 40.571718
29.113677 44.269863
-17.977401 -71.497862
-40.405852 177.371247
52.298253 -87.66488
41.90993 -30.359611
-16.162711 77.947786
-3.230567 1.769917
39.212773 -43.124327
-11.562437 -171.880545
-35.86577 55.015699
8.501495 118.354519
21.975078 77.99249
-50.302449 148.250391
47.901725 -59.284433
-43.971591 29.87418
-29.542173 -160.826551
15.527689 93.349403
-8.257908 54.763325
-15.555889 161.826013
-59.433688 46.321468
-52.912652 63.477498
40.388407 156.315237
52.729191 -170.060187
27.324404 -177.537946
57.08357 42.753312
-45.475913 121.346901
-1.167011 -133.206019
-10.063261 5.743522
-59.728283 -98.603438
38.846331 58.186348
-23.716606 145.245775
43.22536 101.895726
35.452448 98.941638
-45.062903 40.827109
-45.504812 45.593766
-1.031077 -106.071171
-41.384256 23.824464
56.099827 155.305151
-33.865153 74.338727
-35.388362 -125.801934
-47.425108 -124.115239
-10.775765 -89.260989
9.693222 -155.356527
14.344729 -167.756575
-18.759797 -150.477654
-35.584109 -1.089007
-18.197329 114.877573
0.840537 108.776772
-52.806341 134.600607
27.185724 -100.013639
-57.422448 98.344676
47.827508 66.728482
-25.38791 -87.576713
-18.08565 171.902401
-31.617165 -120.642626
-43.901056 -143.613939
-59.885751 -140.135967
48.62477 73.764985
43.961865 57.626793
-27.992509 34.137104
41.895097 57.800041
-49.379752 -78.40085
11.37209 -127.624272
25.612215 -102.476112
42.822463 -28.736754
42.579054 -111.44379
4.666277 3.84418
57.292952 146.106419
-26.245219 -107.728503
13.348818 -82.916593
-35.67116 -163.920722
-21.092529 -86.086348
-46.26015 -48.311247
31.63023 -132.81977
25.945433 -175.310573
-37.590177 110.889603
-46.869293 126.097071
-3.621093 -69.529463
55.33478 59.234325
29.548538 -132.813421
25.672749 36.448136
-39.986114 28.164269
-11.478561 40.499317
23.050397 -20.322509
22.113193 -83.438042
-40.613052 107.91484
-7.4036 -150.547113
-37.026116 -151.260898
-0.48891 22.137199
27.581998 118.068634
42.159503 48.512023
-30.137448 -172.168777
47.485621 -155.60379
26.990016 -17.383575
-34.298793 -11.340683
-18.93807 -29.370133
38.972526 -71.099599
-39.343269 -92.986722
6.306972 -36.380572
-39.124823 -101.58643
26.465818 -23.106808
21.150837 -108.25137
-15.593243 -68.562667
38.386815 -52.182824
39.584219 -35.387529
48.401029 -25.240633
6.550201 -96.160436
36.578668 148.733448
6.184409 -23.708084
44.81239 -156.119463
27.712661 49.750468
52.910212 4.19505
9.315872 -96.361696
-28.480792 -164.171839
-14.777941 101.001058
-5.607834 104.881841
-7.517477 -111.365383
35.070688 165.868998
-37.704387 -147.069669
-12.073249 -36.543168
-39.463046 88.375137
-0.103949 88.704799
-56.057046 -136.588501
42.31447 40.227202
-38.39599 167.435679
46.067724 14.228143
27.634592 16.45564
-53.79381 31.520286
47.475138 -81.065103
57.15335 -114.864536
-29.701939 -160.476507
57.709714 -42.794856
43.780148 41.85009
-6.183066 89.618596
-35.351493 -98.881657
-19.328226 33.963376
-43.012903 75.988715
-9.105064 136.931339
-59.661439 -170.760658
55.936094 137.889724
50.091303 -148.147483
24.829414 149.93923
-27.783044 -45.053353
45.047257 61.197666
44.564271 129.559335
14.830354 -74.957809
42.078448 68.151727
28.850862 -20.240235
27.474321 -66.471569
44.858247 54.338074
7.287343 -163.752285
-28.321001 -47.913452
-40.209528 -38.668112
-26.996324 166.887902
-43.752199 31.477908
53.575312 -160.94273
-38.304925 -21.105575
-42.843254 -111.226565
-22.676369 49.92571
-3.068262 -30.528312
-21.129764 162.536378
31.493026 9.644197
24.817254 26.249992
42.761808 174.397239
43.543575 -21.268225
30.500391 -46.524556
-56.447693 -92.517794
-49.219549 -82.360081
54.913073 -105.471994
-30.118286 169.471941
-14.448002 -173.470311
56.984672 86.284327
-29.934035 81.63956
-57.311799 161.92304
-57.049704 157.622826
16.690906 -37.521882
-50.825403 144.24555
-48.155701 135.479014
47.760582 170.498654
24.337876 150.197122
-15.565266 85.67606
20.493954 131.357335
-51.63702 100.501017
-50.653413 -137.402313
57.111861 125.484819
6.548026 -3.385534
-31.590697 -7.411484
20.809118 -157.951486
54.512427 -147.81038
-9.342333 -37.871904
56.65493 -29.538384
-2.847312 -38.761799
55.397061 -155.99839
33.040122 -161.210731
18.612699 177.052426
38.169304 -9.447434
32.64978 -89.739661
4.307616 52.385781
-7.750181 178.915487
-16.660951 57.784181
35.837135 -160.363299
-8.176639 101.194001
8.748559 52.423618
-1.184763 -98.49842
-8.098903 -151.094021
14.24915 -74.355461
0.838845 -79.892337
18.675543 121.813838
-54.790301 -170.105871
-24.895853 161.358598
37.632465 53.876027
-42.472553 -80.139102
47.214673 129.0072
16.6993 73.967098
-39.759512 -96.734808
-55.04162 11.099045
16.558086 -83.060437
37.719124 -86.695626
-7.269581 -61.576565
-23.983675 1.673779
25.900887 161.232138
-47.19233 158.880535
23.042803 -98.407853
24.947554 -58.752297
-30.168954 -156.965695
58.421858 -154.28013
14.188855 110.325492
50.898966 176.98224
-59.277144 -6.67932
-47.88589 15.973208
39.087464 -129.063609
32.749756 -159.105048
3.843157 -18.881962
-17.736347 -44.835434
17.09961 178.581029
44.503045 -160.377592
52.286566 -173.280651
50.080601 58.328055
58.039839 46.082026
11.690646 6.377925
-18.037791 83.483682
-58.308669 -42.324466
-4.033913 118.856069
58.323758 -16.613337
24.141224 -165.360767
-29.026618 19.519509
-53.496703 -73.780515
-51.405247 -100.979861
21.956449 47.566096
54.855231 -123.029381
-45.219967 117.411069
9.286488 -76.276865
3.67876 12.292724
-29.712081 -156.65896
28.07864 -105.148156
32.116113 177.119737
-54.151095 12.250317
-11.717584 -16.175723
22.923777 151.253482
48.694485 43.698397
44.58693 -172.590316
59.769785 152.302744
54.584589 -24.42565
-3.257264 50.918787
15.857837 -16.768159
56.790773 44.334109
46.729431 -31.856568
-49.196829 -118.144789
-54.273747 -122.856926
-7.594902 102.06905
15.09357 113.018835
-23.205589 -141.207563
3.702767 -148.403201
34.061605 85.734824
55.246725 -128.990395
-39.34904 111.985107
-32.994185 104.169317
43.723665 0.124546
-4.34044 -124.01686
18.706203 -119.402713
12.749611 -82.217954
-14.456006 49.966503
31.749641 -9.930567
46.880666 69.105763
16.163354 -98.861073
-43.452775 123.3891
31.130191 -50.577404
56.002929 127.922202
54.843061 -150.796341
-21.317217 165.842431
-55.785624 -175.527238
-50.353165 -64.138066
19.114285 -142.316853
-28.894927 -6.528568
-29.132061 -11.993784
-13.12998 79.108865
51.756297 -29.340422
-48.351102 -75.646824
45.166156 -169.732837
-53.512973 -75.976661
54.072684 140.484482
7.745 -113.134399
15.950044 -126.518413
44.954784 139.593449
-51.652504 150.799906
9.19607 -140.861843
24.217386 -23.243773
42.57789 -25.466445
45.441242 -37.758642
-21.079174 -135.338245
29.506237 61.382588
40.868499 136.366585
-15.307691 -46.776869
-6.834161 -2.105652
15.44349 -116.725225
-43.731599 174.311715
11.378173 -140.668061
25.136089 -55.291289
11.352217 89.671283
6.905169 -21.334593
-50.046277 -98.154508
53.105631 49.097494
-55.3981 -121.00571
43.231052 68.951799
2.926182 174.234197
-58.97941 -160.723826
23.347951 81.863373
-0.983387 168.911966
33.350218 -121.399489
-22.15681 -176.024278
50.285857 -12.210913
8.794758 -148.601548
46.70933 -161.257517
-16.305883 -159.546668
-32.654049 -103.971421
10.753846 -149.299782
-29.304812 -123.992396
25.484548 -157.245305
-1.847132 -46.107261
-35.840602 82.680984
-59.826051 -49.761313
-5.465715 -127.789503
22.143192 -5.18252
10.502287 -138.007669
45.854522 56.252927
-49.452662 106.296744
-52.417324 29.193436
-59.51621 -119.427536
16.939477 136.511724
-25.661491 34.030883
20.51741 175.989723
2.047582 -106.637465
-27.553326 -90.677422
50.02757 -96.483262
17.78271 104.791786
20.833854 154.783377
52.925378 -112.753033
38.896024 136.258889
20.008167 -131.689946
8.595831 27.44487
-44.718218 133.722909
-33.547682 54.73032
31.691845 118.39997
19.077733 -69.574324
12.904374 -150.452428
-14.75533 97.390656
41.328668 -46.079684
51.508254 -161.296559
27.90105 2.20144
-7.15629 168.643598
-11.836684 -59.018601
-47.794466 140.86652
-6.368411 163.37758
57.00605 65.549083
20.997994 -45.94038
16.542959 106.710617
-45.477728 144.624227
-48.012045 120.510102
-3.034943 12.440479
-42.39465 -87.585515
51.390306 166.892604
43.983851 136.757042
31.621834 164.827519
-26.696844 -74.837261
36.70515 24.462689
49.111135 102.346545
-5.291355 -161.896587
-1.7109 89.831209
40.686001 91.486553
2.557434 110.049773
35.880865 -83.112453
-57.337027 -69.13983
31.783935 -117.51158
14.855929 -86.672371
-41.042 62.310516
-52.051879 -0.186527
-34.309217 147.176794
-29.472358 -106.789439
46.31742 55.166063
10.120193 -96.823151
-30.910421 -41.069786
46.37082 -149.613944
44.942213 162.393839
33.84707 -177.579944
-20.448479 104.222256
-59.379253 70.364655
32.347373 -87.960421
-1.50536 -131.183165
-17.971419 -177.857511
23.801451 83.191531
-39.850298 32.139368
-3.217441 -51.506777
-37.717199 -8.425979
-30.388055 35.530764
-44.871081 -140.710287
-49.40668 -88.163111
-37.532569 -146.5634
-37.789637 158.289037
31.438993 122.087709
19.413062 125.793967
-43.972109 -117.85755
22.999525 137.884234
-42.21303 16.062462
-10.836055 -63.57589
-58.637624 -150.748972
-0.214908 -63.145708
33.640215 39.740958
-10.825404 -165.452503
-0.506892 153.690813
44.721754 -23.414322
-8.975237 34.774454
0.141089 72.032614
-52.302589 -48.428591
-50.262481 -167.087686
9.868171 42.651712
42.405289 170.75122
-15.752211 162.719342
44.406326 174.330067
35.763236 57.772236
32.009996 74.698745
24.161602 -101.084189
33.213989 -15.263283
54.663553 -103.867612
-3.704955 75.51856
51.591488 115.579531
4.445721 125.026472
-17.045397 -102.7574
