11.567303 -7.322398
11.969431 -8.232307
12.295344 -0.735347
6.548026 -3.385534
5.901443 -7.943879
7.643578 -10.691312
10.078049 -21.160627
7.317307 -21.705368
6.905169 -21.334593
5.172152 -12.967672
3.474461 -18.503805
3.843157 -18.881962
0.858959 -10.102177
3.418541 -7.568182
0.558055 -0.328846
0.761592 1.744079
2.741502 4.863550
4.666277 3.844180
4.271087 5.494344
3.046772 6.641634
4.362106 10.594287
1.105576 6.322563
0.128570 11.197229
1.727805 14.125586
5.619915 20.194526
3.678760 12.292724
6.016479 16.194464
10.055762 18.219268
10.983842 9.156878
10.161887 7.321316
12.080795 2.109051
11.690646 6.377925
11.618478 8.241959
17.665790 0.273221
18.098656 8.150110
17.375114 16.400560
20.558212 20.366230
16.444969 13.632649
14.059590 15.076696
12.507860 28.631787
16.747842 28.095772
16.725134 26.739182
14.643981 23.536321
19.773532 24.330786
21.558444 35.119384
20.663506 36.722477
14.711132 41.575610
15.671912 35.189178
12.698087 35.724534
9.868171 42.651712
11.030647 32.768983
9.098939 33.501697
8.595831 27.444870
7.786663 22.929616
6.780650 24.994227
8.325471 33.146864
1.711374 27.703977
0.129000 25.852753
2.177779 30.801997
5.607546 44.770590
0.511599 52.411300
4.307616 52.385781
10.596135 49.606100
8.748559 52.423618
8.801971 52.398762
10.015782 54.300681
5.997059 63.532903
4.757154 63.958976
5.318111 61.216232
3.050869 57.955464
1.600933 60.048023
0.141089 72.032614
0.055011 77.928924
4.457946 84.425943
6.682219 79.812410
6.192080 81.573000
9.369622 75.113117
9.629334 73.356277
7.597746 77.917911
5.676828 74.931926
5.949989 69.350117
7.937340 68.542943
15.033092 75.060557
16.699300 73.967098
13.143866 75.303390
13.995166 78.839427
11.352217 89.671283
20.948762 87.753599
21.975078 77.992490
19.081514 74.108896
19.285580 72.084167
22.341879 68.596977
20.317129 56.360265
19.758165 59.149579
19.130380 64.718649
15.009406 65.097135
12.018544 66.035852
11.780937 60.291717
11.568043 56.875749
14.793530 59.873347
13.988455 56.072683
17.749030 51.243104
19.982936 48.884804
21.956449 47.566096
24.168056 49.624063
24.187194 50.664252
25.457910 51.318961
27.313464 52.512438
27.712661 49.750468
27.937717 46.305199
33.025630 54.920505
28.905458 55.126871
29.506237 61.382588
30.083276 57.391780
26.293968 64.181260
24.911990 60.955772
24.570836 60.151690
27.455174 69.840006
23.801451 83.191531
23.347951 81.863373
27.825236 83.102184
25.989641 80.710385
25.485308 79.694693
27.438556 80.310930
32.335889 88.607348
