-39.541811 -47.274196
-38.728934 -56.736476
-38.378847 -55.294088
-40.209528 -38.668112
-40.726246 -35.416133
-41.384116 -29.714270
-42.256863 -28.088299
-39.450159 -24.658440
-40.440295 -21.766706
-38.784507 -33.067802
-38.262353 -29.541915
-38.304925 -21.105575
-37.805352 -21.448086
-35.374786 -46.803235
-32.745027 -56.017197
-31.262108 -49.571280
-35.929422 -46.377573
-30.910421 -41.069786
-31.851434 -35.863844
-34.091400 -20.335762
-32.509126 -22.188402
-47.901041 -15.837083
-48.178786 -10.022406
-49.671127 6.607177
-47.431419 -4.278651
-46.770453 -4.619511
-43.847770 4.040734
-47.885890 15.973208
-47.479101 9.883183
-45.384790 14.112287
-41.509011 -17.991499
-40.685319 -8.617902
-36.977851 -15.689249
-37.717199 -8.425979
-39.788490 4.486258
-38.693880 -5.849593
-41.743762 13.459275
-42.213030 16.062462
-41.103388 8.481670
-41.071780 13.432738
-39.514114 14.059246
-37.633670 15.176264
-36.040016 -13.117543
-36.235272 -12.287751
-35.955818 -8.050582
-34.298793 -11.340683
-32.941056 -12.885262
-32.913767 -10.778439
-31.590697 -7.411484
-35.584109 -1.089007
-32.328795 6.243645
-30.525845 -0.881108
-30.972648 2.505989
-36.533831 18.848022
-33.443175 19.507176
-32.443624 16.953865
-44.105875 20.198419
-43.967331 27.525016
-43.971591 29.874180
-43.752199 31.477908
-49.022998 35.985697
-47.872554 38.833681
-47.126202 34.077526
-45.574055 35.048630
-47.351417 41.097422
-46.227855 40.848886
-45.062903 40.827109
-45.504812 45.593766
-49.691562 54.189691
-48.261260 59.813037
-41.384256 23.824464
-41.387277 28.229568
-39.986114 28.164269
-39.850298 32.139368
-42.162115 35.717413
-41.193225 37.279481
-42.211928 38.836806
-40.665269 38.529850
-38.368507 40.967549
-42.318351 47.436336
-43.234957 52.106950
-41.125922 51.466684
-39.102246 57.036243
-36.137639 28.788448
-34.445728 27.160919
-33.649897 29.402219
-32.230856 31.606191
-32.035163 26.718774
-34.759563 36.722297
-32.711519 37.125444
-34.225444 39.131760
-30.388055 35.530764
-35.865770 55.015699
-33.547682 54.730320
-59.937648 69.890562
-59.379253 70.364655
-59.150182 80.603813
-59.768880 99.600290
-57.422448 98.344676
-52.912652 63.477498
-53.283565 68.653912
-53.279186 70.476885
-50.645821 63.231055
-53.822482 77.324512
-50.121770 74.669963
-51.924231 86.169904
-55.417180 93.495435
-54.951664 91.637919
-50.560487 97.081713
-59.987945 126.397649
-57.802582 124.513287
-57.391381 134.398354
-58.252958 137.332418
-56.269100 103.018313
-52.231440 107.098183
-51.637020 100.501017
-51.144651 110.485789
-55.054988 114.646639
-55.766235 120.570905
-54.646677 121.552836
-55.916061 124.718247
-53.178344 117.526951
-53.199663 122.746559
-50.028167 114.986515
-51.478431 122.098343
-55.097442 129.548420
-54.501278 128.241481
-52.461525 129.129189
-52.806341 134.600607
-58.131896 142.725738
-56.943329 143.576862
-58.448053 150.986386
-57.668096 149.238039
-59.747114 166.314607
-57.595916 157.435935
-56.719522 155.682796
-57.049704 157.622826
-57.311799 161.923040
-58.582811 168.236421
-53.793419 143.364198
-50.825403 144.245550
-50.098405 141.374976
-50.302449 148.250391
-51.652504 150.799906
-55.358187 160.583979
-50.748241 161.726963
-56.454200 168.642457
-55.272327 170.861868
-54.946114 173.119883
-52.560918 175.390651
-51.678019 174.575595
-46.641822 68.718992
-45.894740 72.691372
-46.709059 78.238994
-46.761229 80.874149
-49.471777 87.538240
-49.574750 90.425140
-45.782322 93.185281
-45.207078 94.603644
-44.341813 91.495808
-45.196970 98.315211
-43.701836 98.238013
-41.524033 60.807025
-41.984712 69.688308
-41.042000 62.310516
-40.672269 62.684282
-39.698274 65.650580
-38.212226 66.236444
-37.657799 72.151858
-43.012903 75.988715
-43.146877 83.593507
-39.463046 88.375137
-39.676960 92.253701
-38.095302 88.118347
-32.971249 62.010142
-33.406865 67.226997
-30.759974 64.797316
-35.840602 82.680984
-33.865153 74.338727
-34.689150 89.966942
-32.561153 99.398346
-31.858029 90.651050
-31.712594 98.515288
-48.745001 102.609354
-49.452662 106.296744
-49.396492 112.900019
-43.589322 103.046211
-48.012045 120.510102
-46.290615 116.603942
-46.869293 126.097071
-45.219967 117.411069
-45.475913 121.346901
-43.452775 123.389100
-48.404409 129.921394
-48.869611 135.519343
-48.155701 135.479014
-49.076824 137.015425
-48.837253 137.670317
-48.078214 139.736605
-47.191060 134.385686
-44.718218 133.722909
-43.394912 133.554860
-40.613052 107.914840
-40.181026 105.932191
-39.349040 111.985107
-37.590177 110.889603
-40.968055 121.446075
-38.035754 119.889793
-38.305678 138.769333
-37.969556 136.810593
-37.036982 135.862490
-34.432666 101.494411
-32.994185 104.169317
-31.982489 107.940389
-34.287309 117.640868
-30.232996 115.870541
-36.205993 137.327472
-36.533757 139.565071
-31.629810 139.999054
-48.569819 143.991091
-47.794466 140.866520
-49.552821 151.197280
-46.528414 143.271061
-46.780702 152.949634
-45.477728 144.624227
-49.557513 156.952564
-47.192330 158.880535
-45.597044 162.093354
-48.206842 173.381395
-49.777787 176.516350
-43.731599 174.311715
-42.906154 152.581954
-39.828782 148.913154
-38.133256 145.250074
-36.855339 146.426196
-41.504100 156.269794
-43.262320 163.646977
-39.982358 165.120399
-37.789637 158.289037
-42.477697 174.359725
-40.405852 177.371247
-39.594987 176.699985
-38.395990 167.435679
-35.056356 148.160043
-33.189619 142.222121
-34.309217 147.176794
-32.384425 145.308336
-32.406417 150.439075
-35.067054 159.074349
-35.014654 162.630480
