32.009996 74.698745
31.214704 74.550395
29.577643 75.542939
39.307090 75.900217
35.230270 80.222699
34.886837 83.582618
35.127358 81.573466
34.061605 85.734824
34.777636 86.072152
39.740656 87.885064
42.566588 86.940288
41.939358 73.964456
42.078448 68.151727
43.231052 68.951799
43.871509 62.874892
43.961865 57.626793
41.895097 57.800041
41.276572 57.361583
36.451332 64.794943
35.557432 60.689955
35.009325 57.179165
35.763236 57.772236
38.846331 58.186348
38.868932 55.308033
37.632465 53.876027
34.484414 50.240173
41.169363 47.734926
42.159503 48.512023
40.851997 52.743867
42.536079 54.931526
43.064848 54.777029
43.901008 55.954556
44.746095 55.360479
44.858247 54.338074
43.780148 41.850090
42.314470 40.227202
36.705150 24.462689
35.253398 37.389937
31.452663 39.816843
33.640215 39.740958
29.113677 44.269863
24.256261 40.571718
23.409434 36.655851
25.672749 36.448136
25.297115 26.418534
24.817254 26.249992
27.968584 26.650381
28.716087 27.732624
33.509535 29.875613
33.080071 27.887675
29.726123 14.739273
28.837922 19.292125
27.152045 22.379506
23.785921 18.648541
27.634592 16.455640
23.344002 5.302620
27.901050 2.201440
26.940152 0.812018
28.154054 1.761181
31.493026 9.644197
35.355022 0.683183
38.844837 7.664547
36.438085 7.051620
35.016484 6.401483
37.170565 14.074481
41.112068 11.461403
41.833579 20.658364
43.761658 6.424960
39.876581 2.806959
43.723665 0.124546
46.490398 11.244544
48.879232 6.303797
48.685697 4.199243
48.711810 2.745682
49.627910 0.148582
50.406943 1.985340
51.063367 4.691476
52.910212 4.195050
54.696723 3.627150
55.441953 10.724431
48.002618 16.924695
49.142590 14.337843
46.067724 14.228143
48.951787 32.365261
45.182881 35.338477
45.246166 36.459628
48.694485 43.698397
54.486484 36.655305
53.638619 36.141992
52.818706 25.155115
56.000708 27.791592
58.245550 26.341414
56.790773 44.334109
57.083570 42.753312
56.299030 14.492030
59.273717 7.567356
56.442528 0.196755
59.822763 4.601507
59.334234 86.017303
57.151063 86.160418
56.984672 86.284327
57.821033 85.764397
57.965838 86.774192
58.705660 81.690540
58.929136 45.442135
58.039839 46.082026
57.006050 65.549083
50.858504 65.919164
55.334780 59.234325
54.717652 53.466742
53.105631 49.097494
52.270455 50.717801
48.767720 53.425594
48.560541 47.362651
46.795152 46.040511
46.023153 49.401738
46.317420 55.166063
46.047611 54.222102
45.854522 56.252927
45.047257 61.197666
47.358003 56.546549
50.080601 58.328055
48.302833 65.327020
47.827508 66.728482
46.880666 69.105763
