-27.909566 143.066309
-26.014527 129.325881
-24.197764 114.299808
-25.082130 113.226811
-26.093696 123.685125
-30.232996 115.870541
-28.500015 125.347222
-43.394912 133.554860
-44.718218 133.722909
-40.968055 121.446075
-43.452775 123.389100
-38.035754 119.889793
-34.287309 117.640868
-34.432666 101.494411
-37.590177 110.889603
-39.349040 111.985107
-40.613052 107.914840
-43.589322 103.046211
-40.181026 105.932191
-43.701836 98.238013
-44.341813 91.495808
-39.676960 92.253701
-31.858029 90.651050
-28.548309 91.717322
-28.593629 97.268158
-29.737684 98.564666
-31.712594 98.515288
-32.561153 99.398346
-32.994185 104.169317
-31.982489 107.940389
-28.247376 106.053436
-23.643259 105.641333
-24.706144 99.447552
-20.800434 98.779368
-15.612227 91.473021
-15.771836 94.181987
-14.777941 101.001058
-14.755330 97.390656
-16.805287 97.388990
-14.495231 102.945719
-14.722675 102.062683
-12.663400 111.397399
-18.255860 109.739593
-17.352920 102.944086
-20.448479 104.222256
-18.197329 114.877573
-15.822546 125.861105
-14.480840 124.648762
-15.490258 129.350767
-11.180868 113.352491
-6.726635 114.740786
-7.083098 119.631163
-9.438475 120.905252
-4.033913 118.856069
-4.770248 112.701436
-0.673537 114.869770
-1.475594 108.295945
-1.012609 108.709403
-5.607834 104.881841
-4.171073 111.617637
-6.414253 107.992825
-11.163941 106.332044
-7.594902 102.069050
-8.176639 101.194001
-4.882549 90.845128
-5.342821 95.418319
-2.679141 96.314791
-2.722998 90.126995
-0.103949 88.704799
-0.688235 88.159621
-1.710900 89.831209
-4.574538 85.681041
-2.941441 85.447363
-4.388790 79.825547
-1.741172 77.203079
-2.197899 71.705232
-3.189915 67.896863
-3.294994 75.730193
-3.704955 75.518560
-5.332614 76.564394
-6.507604 68.933902
-10.931328 73.145162
-6.431834 83.943860
-6.183066 89.618596
-13.129980 79.108865
-15.039545 81.173174
-15.565266 85.676060
-21.970293 79.441242
-19.628123 81.339439
-18.037791 83.483682
-20.933392 72.239480
-21.411097 72.721226
-17.517150 67.640658
-16.694801 77.575971
-16.162711 77.947786
-11.941640 75.153328
-16.660951 57.784181
-20.879763 66.773410
-21.467445 61.893959
-22.046713 50.949940
-14.456006 49.966503
-16.486241 50.052132
-12.483970 49.367365
-12.982042 45.951127
-6.915342 56.218225
-8.257908 54.763325
-9.924110 61.234943
-9.913571 59.076503
-6.985876 65.845074
-6.017751 62.469334
-6.079576 61.080178
-0.813242 51.726797
-1.389310 52.064384
-2.740720 51.474427
-4.003297 54.117670
-5.370897 56.190078
-3.257264 50.918787
-3.250871 47.917807
-4.617948 47.259117
-0.007369 46.963503
-4.201959 43.553497
-8.146017 42.375066
-9.805536 38.436829
-8.975237 34.774454
-6.646720 34.724918
