52.348622 -14.696812
45.923515 -11.183880
46.539534 -9.465284
48.282704 -7.906580
48.147440 -2.086984
50.677904 -10.995878
51.225745 -4.831153
51.507400 -0.127800
58.943475 -17.593813
58.323758 -16.613337
59.696948 -15.508038
58.258268 -9.393769
57.514109 -7.842707
57.511619 -1.679566
58.609096 -2.460343
-57.269262 5.395615
-57.061432 6.110629
-59.924365 13.901962
-58.596745 12.608373
-59.169980 18.108016
-59.138411 22.120891
-55.041620 11.099045
-49.671127 6.607177
-47.479101 9.883183
-54.151095 12.250317
-53.476658 12.698667
-52.835223 13.136077
-51.609995 11.846570
-51.349985 13.556217
-53.331098 16.719719
-55.244688 19.628000
-54.654012 17.604682
-54.052917 17.659533
-51.573067 19.195211
-47.885890 15.973208
-45.384790 14.112287
-58.166350 28.606612
-56.291757 42.973055
-56.295209 43.624094
-53.009404 23.678971
-56.152291 28.312812
-53.793810 31.520286
-52.417324 29.193436
-51.409739 37.577770
-55.331605 43.248436
-52.623649 39.550310
-52.444897 44.127274
-49.022998 35.985697
-47.872554 38.833681
-47.126202 34.077526
-45.574055 35.048630
-47.351417 41.097422
-46.227855 40.848886
-45.062903 40.827109
-59.433688 46.321468
-52.006079 51.468693
-50.852360 53.990954
-50.633452 55.617381
-45.504812 45.593766
-49.691562 54.189691
-55.356663 59.898185
-52.912652 63.477498
-50.645821 63.231055
-48.261260 59.813037
-59.937648 69.890562
-59.379253 70.364655
-59.150182 80.603813
-53.283565 68.653912
-53.279186 70.476885
-53.822482 77.324512
-46.641822 68.718992
-45.894740 72.691372
-50.121770 74.669963
-46.709059 78.238994
-51.924231 86.169904
-46.761229 80.874149
-49.471777 87.538240
-43.847770 4.040734
-39.788490 4.486258
-41.103388 8.481670
-42.213030 16.062462
-41.743762 13.459275
-41.071780 13.432738
-39.514114 14.059246
-44.105875 20.198419
-37.633670 15.176264
-36.533831 18.848022
-30.972648 2.505989
-29.951533 0.578329
-29.331223 1.813239
-32.328795 6.243645
-23.983675 1.673779
-23.662396 5.254320
-24.151174 8.933339
-32.443624 16.953865
-33.443175 19.507176
-29.026618 19.519509
-27.698457 14.318496
-26.203077 16.935411
-26.820386 22.439209
-25.442630 21.804796
-43.967331 27.525016
-41.384256 23.824464
-43.971591 29.874180
-43.752199 31.477908
-41.387277 28.229568
-39.986114 28.164269
-39.850298 32.139368
-34.445728 27.160919
-36.137639 28.788448
-42.211928 38.836806
-42.162115 35.717413
-41.193225 37.279481
-40.665269 38.529850
-34.759563 36.722297
-34.225444 39.131760
-38.368507 40.967549
-32.035163 26.718774
-33.649897 29.402219
-32.230856 31.606191
-32.711519 37.125444
-30.388055 35.530764
-29.732059 39.013056
-28.542802 40.013831
-29.930135 42.807151
-27.992509 34.137104
-25.661491 34.030883
-25.960233 34.851916
-25.976507 38.650440
-23.435849 38.235641
-24.078176 42.967058
-21.988411 7.386098
-20.783565 8.738387
-13.402948 1.552624
-12.142318 1.728509
-19.445025 20.634489
-16.092115 13.396403
-8.670699 1.637271
-6.817522 4.501441
-10.063261 5.743522
-3.230567 1.769917
-2.953016 6.875687
-5.442195 11.117445
-10.520003 13.535819
-8.801601 16.096061
-8.189318 15.146172
-10.206868 19.631001
-8.102956 21.543114
-3.034943 12.440479
-0.677055 11.644464
-0.488910 22.137199
-21.821602 23.955413
-14.316579 29.584767
-19.328226 33.963376
-14.822807 41.503697
-11.478561 40.499317
-6.078927 29.248944
-5.586230 27.057695
-2.850270 32.959114
-8.975237 34.774454
-9.805536 38.436829
-6.646720 34.724918
-8.146017 42.375066
-4.201959 43.553497
-42.318351 47.436336
-43.234957 52.106950
-41.125922 51.466684
-35.865770 55.015699
-41.524033 60.807025
-41.042000 62.310516
-40.672269 62.684282
-39.698274 65.650580
-39.102246 57.036243
-38.212226 66.236444
-33.547682 54.730320
-22.676369 49.925710
-32.971249 62.010142
-33.406865 67.226997
-30.759974 64.797316
-28.336647 65.873150
-27.027194 58.675344
-23.437064 66.531548
-41.984712 69.688308
-43.012903 75.988715
-37.657799 72.151858
-33.865153 74.338727
-43.146877 83.593507
-39.463046 88.375137
-35.840602 82.680984
-38.095302 88.118347
-34.689150 89.966942
-22.868100 70.718869
-29.934035 81.639560
-22.046713 50.949940
-16.486241 50.052132
-14.456006 49.966503
-12.982042 45.951127
-12.483970 49.367365
-21.467445 61.893959
-20.879763 66.773410
-16.660951 57.784181
-8.257908 54.763325
-6.915342 56.218225
-4.617948 47.259117
-3.250871 47.917807
-0.007369 46.963503
-3.257264 50.918787
-5.370897 56.190078
-4.003297 54.117670
-2.740720 51.474427
-0.813242 51.726797
-1.389310 52.064384
-9.913571 59.076503
-9.924110 61.234943
-6.079576 61.080178
-6.017751 62.469334
-6.985876 65.845074
-21.411097 72.721226
-20.933392 72.239480
-17.517150 67.640658
-16.694801 77.575971
-16.162711 77.947786
-11.941640 75.153328
-21.970293 79.441242
-19.628123 81.339439
-18.037791 83.483682
-15.039545 81.173174
-13.129980 79.108865
-15.565266 85.676060
-6.507604 68.933902
-10.931328 73.145162
-3.189915 67.896863
-2.197899 71.705232
-3.704955 75.518560
-3.294994 75.730193
-5.332614 76.564394
-1.741172 77.203079
-6.431834 83.943860
-6.183066 89.618596
-4.388790 79.825547
-4.574538 85.681041
-2.941441 85.447363
-1.710900 89.831209
-0.688235 88.159621
-0.103949 88.704799
-59.768880 99.600290
-57.422448 98.344676
-56.269100 103.018313
-54.951664 91.637919
-55.417180 93.495435
-51.637020 100.501017
-49.574750 90.425140
-45.782322 93.185281
-45.207078 94.603644
-50.560487 97.081713
-45.196970 98.315211
-52.231440 107.098183
-51.144651 110.485789
-48.745001 102.609354
-49.452662 106.296744
-59.987945 126.397649
-57.802582 124.513287
-57.391381 134.398354
-55.054988 114.646639
-53.178344 117.526951
-55.766235 120.570905
-54.646677 121.552836
-53.199663 122.746559
-51.478431 122.098343
-49.396492 112.900019
-50.028167 114.986515
-46.290615 116.603942
-45.219967 117.411069
-48.012045 120.510102
-45.475913 121.346901
-55.916061 124.718247
-54.501278 128.241481
-52.461525 129.129189
-55.097442 129.548420
-52.806341 134.600607
-46.869293 126.097071
-48.404409 129.921394
-47.191060 134.385686
-58.252958 137.332418
-58.131896 142.725738
-56.943329 143.576862
-57.668096 149.238039
-58.448053 150.986386
-56.719522 155.682796
-57.595916 157.435935
-53.793419 143.364198
-50.825403 144.245550
-48.869611 135.519343
-48.155701 135.479014
-49.076824 137.015425
-48.837253 137.670317
-48.078214 139.736605
-50.098405 141.374976
-48.569819 143.991091
-47.794466 140.866520
-46.528414 143.271061
-45.477728 144.624227
-51.652504 150.799906
-50.302449 148.250391
-49.552821 151.197280
-49.557513 156.952564
-46.780702 152.949634
-57.049704 157.622826
-57.311799 161.923040
-59.747114 166.314607
-58.582811 168.236421
-56.454200 168.642457
-55.358187 160.583979
-50.748241 161.726963
-47.192330 158.880535
-45.597044 162.093354
-55.272327 170.861868
-54.946114 173.119883
-52.560918 175.390651
-51.678019 174.575595
-48.206842 173.381395
-49.777787 176.516350
-44.341813 91.495808
-39.676960 92.253701
-43.701836 98.238013
-43.589322 103.046211
-40.181026 105.932191
-40.613052 107.914840
-34.432666 101.494411
-39.349040 111.985107
-37.590177 110.889603
-31.858029 90.651050
-28.548309 91.717322
-32.561153 99.398346
-31.712594 98.515288
-28.593629 97.268158
-29.737684 98.564666
-24.706144 99.447552
-32.994185 104.169317
-28.247376 106.053436
-31.982489 107.940389
-23.643259 105.641333
-43.452775 123.389100
-40.968055 121.446075
-34.287309 117.640868
-38.035754 119.889793
-44.718218 133.722909
-43.394912 133.554860
-30.232996 115.870541
-25.082130 113.226811
-24.197764 114.299808
-26.093696 123.685125
-28.500015 125.347222
-26.014527 129.325881
-20.800434 98.779368
-15.612227 91.473021
-15.771836 94.181987
-16.805287 97.388990
-14.755330 97.390656
-14.777941 101.001058
-20.448479 104.222256
-17.352920 102.944086
-18.255860 109.739593
-14.722675 102.062683
-14.495231 102.945719
-12.663400 111.397399
-8.176639 101.194001
-4.882549 90.845128
-5.342821 95.418319
-2.722998 90.126995
-2.679141 96.314791
-11.163941 106.332044
-7.594902 102.069050
-6.414253 107.992825
-5.607834 104.881841
-4.171073 111.617637
-1.475594 108.295945
-1.012609 108.709403
-18.197329 114.877573
-15.822546 125.861105
-14.480840 124.648762
-15.490258 129.350767
-11.180868 113.352491
-6.726635 114.740786
-9.438475 120.905252
-7.083098 119.631163
-4.770248 112.701436
-0.673537 114.869770
-4.033913 118.856069
-37.969556 136.810593
-37.036982 135.862490
-38.305678 138.769333
-36.205993 137.327472
-36.533757 139.565071
-38.133256 145.250074
-39.828782 148.913154
-42.906154 152.581954
-41.504100 156.269794
-36.855339 146.426196
-34.309217 147.176794
-35.056356 148.160043
-31.629810 139.999054
-33.189619 142.222121
-32.384425 145.308336
-29.581211 145.361789
-27.909566 143.066309
-23.272927 141.137676
-23.716606 145.245775
-32.406417 150.439075
-29.304456 148.494615
-33.432568 153.849236
-32.973756 157.317205
-25.441620 155.008943
-25.677570 157.252067
-43.262320 163.646977
-39.982358 165.120399
-37.789637 158.289037
-35.067054 159.074349
-35.014654 162.630480
-38.395990 167.435679
-43.731599 174.311715
-42.477697 174.359725
-39.594987 176.699985
-40.405852 177.371247
-33.825139 173.873367
-31.616451 159.399876
-24.895853 161.358598
-24.708569 161.119214
-26.996324 166.887902
-25.730427 167.814392
-22.569128 164.140555
-31.553925 170.916312
-30.118286 169.471941
-32.265309 179.202119
-25.958357 170.821493
-26.691805 172.535138
-21.565958 138.559577
-13.855295 137.943979
-15.457810 144.890171
-18.585726 147.831567
-17.211168 151.433800
-21.836738 155.034066
-20.215484 156.063786
-19.338215 155.970556
-15.464828 147.183690
-13.797670 147.673315
-12.589195 147.540889
-11.711962 147.636668
-14.856770 156.969403
-10.548719 136.310937
-9.105064 136.931339
-7.737615 139.659720
-9.955004 144.918633
-3.955771 135.772283
-3.996787 143.747201
-0.634683 143.239747
-6.555567 147.709967
-4.803142 149.185095
-0.506892 153.690813
-21.129764 162.536378
-21.317217 165.842431
-20.685073 163.209702
-16.241847 161.713486
-15.555889 161.826013
-15.752211 162.719342
-11.455967 161.397894
-18.085650 171.902401
-19.980724 178.453409
-15.000757 169.218336
-15.199935 177.869035
-11.488469 177.140800
-13.673902 179.864167
-10.593751 159.126239
-6.597292 159.459209
-6.695874 162.656609
-6.368411 163.377580
-7.156290 168.643598
-5.842180 167.312495
-1.797789 159.874501
-5.285866 167.006374
-4.602561 167.817022
-8.044529 172.122297
-7.750181 178.915487
-5.073078 173.084483
-0.983387 168.911966
-1.551142 175.658827
0.761592 1.744079
2.741502 4.863550
4.666277 3.844180
4.271087 5.494344
1.105576 6.322563
0.128570 11.197229
3.046772 6.641634
4.362106 10.594287
10.161887 7.321316
10.983842 9.156878
1.727805 14.125586
3.678760 12.292724
5.619915 20.194526
6.016479 16.194464
