43.983851 136.757042
44.564271 129.559335
39.851596 129.078055
38.212310 130.885253
35.543261 128.756107
37.816285 122.638650
34.057114 121.864836
35.049282 116.068018
37.273194 114.469367
36.629133 115.030631
38.419271 114.301308
41.783820 114.072124
41.374105 115.300170
39.904200 116.407400
41.813907 123.260250
43.138477 115.430326
44.080766 112.601480
44.164134 113.021919
43.769241 109.472701
41.543150 111.070676
41.022535 106.963195
40.145467 106.081510
43.225360 101.895726
44.197029 100.265428
40.859887 94.908710
41.990792 90.325832
40.686001 91.486553
40.495610 91.115211
39.648637 96.212076
37.207270 98.687753
34.363601 91.989876
35.452448 98.941638
35.256728 106.651469
36.264449 103.682176
36.704130 108.520893
34.240981 108.549242
33.548002 111.694801
29.783771 103.028245
32.820183 103.531172
32.238633 97.547954
33.503835 95.699308
32.787699 92.444686
31.953303 95.252318
29.105492 95.393953
25.346148 99.208945
24.257718 105.967620
26.714991 105.338981
26.522647 111.425013
25.057794 115.195994
27.581998 118.068634
26.328167 117.390242
32.892844 117.834884
31.691845 118.399970
31.438993 122.087709
31.230400 121.473700
28.497912 121.111242
29.104102 125.171206
31.945763 129.920351
28.481788 131.240731
29.476338 134.193323
24.639294 127.009567
23.317874 132.331672
21.391434 133.305336
20.493954 131.357335
19.413062 125.793967
18.361032 133.213801
18.789888 134.380243
17.552257 133.340456
11.281971 129.072166
12.049851 125.780316
16.157250 128.594217
14.546704 112.719535
15.093570 113.018835
16.451477 115.570998
16.906001 114.727257
18.675543 121.813838
19.054390 106.435125
17.782710 104.791786
21.821867 106.407872
20.458196 96.753394
20.147546 90.409081
16.964840 96.185134
15.527689 93.349403
16.678344 93.565003
11.525490 105.256864
16.542959 106.710617
14.188855 110.325492
11.379568 108.832748
10.989862 93.592096
10.572249 92.795295
7.697193 92.921417
8.030775 92.580289
6.691878 96.834705
1.030018 96.339051
2.576625 103.652707
2.557434 110.049773
0.840537 108.776772
0.194780 107.150155
2.714157 114.643419
1.559214 115.870871
0.829828 121.933136
5.257364 118.493382
4.957041 113.504070
5.786170 117.571957
8.012311 112.942487
8.501495 118.354519
8.576379 119.715461
10.687064 120.579999
8.602170 128.727773
8.060026 130.870307
3.358592 134.608577
4.445721 125.026472
2.459104 128.159216
0.010439 129.737466
2.284803 134.357898
2.281076 137.106513
5.162555 139.536921
5.434429 139.381052
13.626503 136.209830
11.467151 145.788690
14.058371 146.229955
14.823161 145.535177
16.939477 136.511724
22.260979 135.901625
21.771789 139.247563
