-59.298451 -175.959861
-59.661439 -170.760658
-58.979410 -160.723826
-55.785624 -175.527238
-52.914712 -178.238577
-55.237902 -171.867792
-54.406663 -171.411584
-54.790301 -170.105871
-54.013253 -166.253297
-51.776248 -163.465581
-54.821716 -162.692444
-53.086844 -160.053156
-51.927695 -159.924063
-50.262481 -167.087686
-48.201023 -168.663122
-49.034141 -164.977527
-58.637624 -150.748972
-56.561870 -141.473694
-59.885751 -140.135967
-53.010253 -153.235711
-52.833720 -150.943334
-49.596102 -156.539738
-47.154075 -155.076563
-47.477249 -153.111776
-54.541843 -139.996503
-56.057046 -136.588501
-51.631588 -138.080840
-50.653413 -137.402313
-47.492341 -145.579871
-47.399143 -145.932623
-59.408819 -125.008476
-56.966777 -128.122489
-59.516210 -119.427536
-57.253573 -119.502617
-50.693328 -132.712095
-53.242755 -131.713219
-51.525416 -126.808562
-47.425108 -124.115239
-45.907519 -124.385848
-55.398100 -121.005710
-54.273747 -122.856926
-53.005070 -122.315215
-51.243488 -112.726696
-49.196829 -118.144789
-47.828679 -117.956061
-56.346432 -103.235326
-59.728283 -98.603438
-56.447693 -92.517794
-48.112954 -111.363100
-45.400375 -108.218393
-47.491299 -101.459532
-46.230118 -103.873045
-55.096119 -97.050425
-51.405247 -100.979861
-54.725387 -90.298329
-50.046277 -98.154508
-50.255973 -96.520170
-45.718354 -97.902500
-45.073183 -95.989213
-50.140775 -94.173396
-49.036231 -94.893794
-45.682935 -94.877503
-45.467474 -90.920876
-40.542931 -175.375187
-41.744294 -170.042690
-37.457674 -175.579774
-42.290756 -164.160845
-41.941022 -164.924047
-36.052078 -163.148084
-35.671160 -163.920722
-37.097916 -157.992416
-30.168701 -175.354785
-33.303212 -172.925864
-32.877230 -171.815340
-30.137448 -172.168777
-24.520328 -176.938072
-26.344505 -171.178350
-25.539697 -169.447923
-31.306510 -166.957531
-28.480792 -164.171839
-32.647330 -159.169780
-29.542173 -160.826551
-29.701939 -160.476507
-26.563036 -162.533791
-24.619206 -158.284779
-40.182074 -152.949411
-42.448070 -150.711651
-34.700364 -155.747478
-37.026116 -151.260898
-37.704387 -147.069669
-37.532569 -146.563400
-44.912446 -145.893732
-43.901056 -143.613939
-44.871081 -140.710287
-42.569576 -141.069328
-43.308164 -140.219978
-43.366005 -139.881743
-38.556745 -141.001944
-38.078358 -135.082939
-30.254837 -156.921975
-30.168954 -156.965695
-29.712081 -156.658960
-27.048938 -155.885348
-22.523562 -150.182487
-29.360583 -143.774389
-32.691294 -139.505977
-28.181411 -140.491303
-23.205589 -141.207563
-26.025009 -135.201495
-22.156810 -176.024278
-17.971419 -177.857511
-15.829638 -175.657794
-14.448002 -173.470311
-14.979699 -170.268315
-11.562437 -171.880545
-17.520123 -166.511445
-17.134520 -165.739360
-17.516928 -164.847300
-18.283703 -160.035058
-14.445295 -168.525724
-16.305883 -159.546668
-13.364863 -159.303742
-11.016928 -176.415398
-9.602664 -176.066996
-7.545354 -179.624795
-6.862456 -178.687504
-8.546294 -173.168574
-4.142757 -172.609777
-10.825404 -165.452503
-6.819282 -167.290460
-8.022167 -159.520554
-6.379765 -158.262354
-5.291355 -161.896587
-21.407846 -149.872859
-18.759797 -150.477654
-15.236457 -156.410001
-15.607209 -147.204216
-21.009810 -137.576718
-21.079174 -135.338245
-14.997029 -143.665325
-16.823092 -142.324114
-14.499110 -136.761656
-8.098903 -151.094021
-7.403600 -150.547113
-3.950829 -157.253636
-5.620967 -152.526133
-1.034087 -150.580308
-1.620249 -148.861510
-6.935603 -143.323471
-40.501276 -134.290340
-38.397541 -130.999991
-38.455827 -126.030389
-38.218288 -125.446410
-38.629740 -124.378859
-35.388362 -125.801934
-43.972109 -117.857550
-38.802683 -123.408703
-35.723334 -119.780571
-37.240363 -117.464499
-39.232161 -113.668501
-30.532210 -134.002995
-33.615185 -126.353724
-29.304812 -123.992396
-24.070681 -132.063778
-24.316304 -129.678032
-24.822938 -127.739498
-31.617165 -120.642626
-30.615907 -121.303986
-33.669001 -115.709408
-30.285611 -114.393166
-28.337799 -114.318535
-27.655016 -122.757044
-25.013168 -122.547564
-24.912386 -115.783185
-42.843254 -111.226565
-43.192967 -110.461947
-44.638065 -105.305581
-43.152079 -105.286488
-38.203569 -111.676358
-39.124823 -101.586430
-44.639172 -100.848483
-39.759512 -96.734808
-44.109069 -95.344939
-44.766417 -93.624911
-37.536416 -100.846419
-35.734453 -99.931738
-35.351493 -98.881657
-39.343269 -92.986722
-34.900143 -90.052382
-29.669012 -111.915665
-32.654049 -103.971421
-32.209411 -102.291045
-29.472358 -106.789439
-28.334708 -105.762169
-26.245219 -107.728503
-26.297884 -102.687900
-28.580918 -99.163460
-27.811276 -93.966318
-27.717273 -92.858873
-27.553326 -90.677422
-23.110480 -94.004027
-21.647818 -131.149263
-22.115798 -127.352450
-20.353908 -126.015771
-14.489089 -132.449067
-12.666589 -130.189350
-16.776519 -125.156810
-22.328227 -119.638686
-20.158441 -116.470518
-13.479441 -121.232943
-10.823335 -133.142603
-9.804434 -132.757848
-8.646213 -131.799826
-6.296538 -131.718451
-5.841625 -131.526444
-9.042729 -124.841474
-4.228415 -129.698020
-1.167011 -133.206019
-2.198211 -130.949212
-1.505360 -131.183165
-5.465715 -127.789503
-4.340440 -124.016860
-10.023677 -120.852602
-19.235027 -110.833943
-17.045397 -102.757400
-15.861439 -111.043668
-16.525428 -108.411433
-11.807456 -102.606678
-16.947526 -94.839361
-13.449051 -100.412237
-11.416734 -98.057493
-12.034382 -96.213318
-15.168221 -91.468585
-13.686495 -93.931291
-11.047068 -110.918904
-7.517477 -111.365383
-10.348335 -102.663580
-7.206924 -104.175287
-5.150848 -108.146357
-2.499169 -109.929052
-1.031077 -106.071171
-7.925476 -101.166586
-6.351655 -98.825103
-7.414567 -95.928421
-7.224605 -95.862662
-6.093849 -94.830886
-1.184763 -98.498420
-59.221336 -86.419623
-59.066548 -80.716611
-57.125011 -81.659590
-59.464489 -68.225621
-57.337027 -69.139830
-49.406680 -88.163111
-45.811115 -88.097677
-49.219549 -82.360081
-45.840930 -84.210712
-45.510446 -84.080202
-53.512973 -75.976661
-53.496703 -73.780515
-49.379752 -78.400850
-48.351102 -75.646824
-59.780440 -65.766017
-57.416074 -56.727525
-57.039688 -54.627765
-57.215083 -51.293004
-59.826051 -49.761313
-56.274091 -48.588022
-54.031958 -64.812901
-55.965179 -64.205326
-52.739380 -65.159115
-55.722075 -59.378578
-53.005648 -57.595538
-50.353165 -64.138066
-48.355450 -60.271151
-50.446040 -59.035380
-47.590496 -56.474208
-54.537456 -54.434275
-55.907987 -53.421948
-52.240027 -55.605548
-53.610355 -45.227210
-52.302589 -48.428591
-49.072703 -55.271537
-47.365146 -54.183346
-47.778641 -52.962165
-48.040472 -46.747546
-46.260150 -48.311247
-45.387179 -48.475560
-57.787147 -44.624853
-58.308669 -42.324466
-59.601873 -26.060855
-59.209927 -26.164171
-56.650495 -23.309817
-54.383905 -35.914673
-51.269861 -38.039259
-54.536755 -32.239500
-49.618750 -30.382298
-47.037545 -32.988228
-45.736564 -33.391286
-48.655447 -24.039395
-47.261002 -24.598354
-59.224735 -21.499773
-56.305838 -14.464822
-59.277144 -6.679320
-58.963548 -10.521488
-57.663702 -4.698485
-55.249982 -17.712626
-55.759131 -11.569229
-55.109308 -12.652367
-51.521920 -12.802356
-50.658069 -13.706796
-47.901041 -15.837083
-55.881831 -10.906861
-52.051879 -0.186527
-48.178786 -10.022406
-47.431419 -4.278651
-46.770453 -4.619511
-42.394650 -87.585515
-44.578061 -80.982617
-42.472553 -80.139102
-41.901045 -83.989096
-39.415341 -81.096590
-36.284759 -88.885732
-34.885206 -87.184946
-38.197011 -79.636480
-40.590031 -78.539351
-43.962396 -72.654820
-42.375295 -73.055165
-42.488392 -70.813692
-40.913864 -69.353593
-37.989335 -73.100691
-32.571136 -87.493373
-32.496115 -85.843273
-28.576056 -89.215446
-28.868498 -82.661143
-25.387910 -87.576713
-23.405800 -88.414518
-27.417583 -84.174954
-26.739723 -79.082737
-23.268349 -81.433853
-33.433860 -76.494199
-31.416584 -74.030292
-32.453662 -67.841172
-32.237027 -69.015657
-30.710506 -72.251006
-26.696844 -74.837261
-23.490747 -77.352586
-23.849100 -74.365413
-27.768505 -67.971729
-23.168374 -71.136048
-43.433562 -62.114498
-38.728934 -56.736476
-40.184092 -51.854387
-39.541811 -47.274196
-38.378847 -55.294088
-35.374786 -46.803235
-35.929422 -46.377573
-22.951533 -64.026837
-32.745027 -56.017197
-31.262108 -49.571280
-28.321001 -47.913452
-23.785782 -50.630580
-27.783044 -45.053353
-26.480525 -45.420808
-24.662667 -48.270614
-21.510218 -87.793693
-21.092529 -86.086348
-18.560985 -85.688841
-19.075492 -83.437653
-13.157438 -87.751409
-11.460489 -86.635404
-13.809868 -79.776481
-18.956332 -70.402471
-17.977401 -71.497862
-16.831952 -74.399750
-15.593243 -68.562667
-11.576518 -67.875380
-10.775765 -89.260989
-10.290103 -89.273916
-6.472348 -84.542544
-9.044187 -82.671748
-9.005571 -79.329562
-0.106420 -81.408933
-0.565698 -80.713771
-9.183179 -73.466372
-8.307364 -74.896390
-1.449535 -77.225636
-5.508605 -71.214661
-3.621093 -69.529463
-0.664653 -69.054706
-20.433097 -64.056107
-20.680729 -58.762142
-20.143646 -58.965566
-13.924279 -63.845175
-14.271593 -61.673336
-16.334136 -57.510947
-11.836684 -59.018601
-21.977859 -49.484100
-18.337267 -46.720780
-15.229554 -50.774077
-14.005277 -53.465025
-13.215741 -50.913879
-15.307691 -46.776869
-12.486564 -47.890274
-9.767083 -67.378293
-10.836055 -63.575890
-10.584641 -60.726777
-7.269581 -61.576565
-5.651127 -61.702664
-0.214908 -63.145708
-2.992720 -60.677637
-6.216173 -55.752551
-8.338166 -46.424860
-3.217441 -51.506777
-0.565033 -49.585039
-1.847132 -46.107261
-0.456773 -46.624407
-43.585357 -40.696812
-40.209528 -38.668112
-40.726246 -35.416133
-41.384116 -29.714270
-42.256863 -28.088299
-39.450159 -24.658440
-38.784507 -33.067802
-38.262353 -29.541915
-30.910421 -41.069786
-31.851434 -35.863844
-24.121567 -35.837575
-29.919959 -29.252381
-25.602097 -28.441982
-24.895548 -32.604494
-25.202005 -29.159808
-23.746649 -29.443639
-27.202338 -24.111116
-23.727057 -25.365004
-40.440295 -21.766706
-41.509011 -17.991499
-38.304925 -21.105575
-37.805352 -21.448086
-34.091400 -20.335762
-36.977851 -15.689249
-36.040016 -13.117543
-36.235272 -12.287751
-34.298793 -11.340683
-40.685319 -8.617902
-38.693880 -5.849593
-37.717199 -8.425979
-35.955818 -8.050582
-35.584109 -1.089007
-32.509126 -22.188402
-29.416654 -17.915601
-32.941056 -12.885262
-29.132061 -11.993784
-27.453313 -17.123610
-24.426389 -19.959744
-23.652591 -21.832482
-27.762699 -12.014596
-32.913767 -10.778439
-31.590697 -7.411484
-28.894927 -6.528568
-30.525845 -0.881108
-27.784530 -10.444662
-26.912446 -10.462926
-26.031940 -8.656868
-24.340866 -8.685231
-23.871701 -8.685720
-27.948244 -4.527283
-26.353038 -2.550663
-23.525641 -5.481129
-17.736347 -44.835434
-17.019460 -39.328641
-16.993752 -38.824387
-16.814401 -42.173110
-15.583672 -34.659182
-12.073249 -36.543168
-19.447781 -32.373502
-18.938070 -29.370133
-13.658134 -27.360146
-8.640037 -43.457692
-7.043721 -41.594448
-9.342333 -37.871904
-4.032578 -44.272516
-2.847312 -38.761799
-3.294129 -38.504230
-1.022853 -39.310473
-8.192737 -29.270254
-8.943333 -26.823132
-8.399549 -23.290388
-4.820824 -32.958515
-3.068262 -30.528312
-2.802863 -32.391911
-1.457994 -29.369903
-3.793356 -26.490494
-21.534357 -16.631042
-11.717584 -16.175723
-12.199037 -14.080489
-21.211353 -8.952431
-14.686809 -8.696101
-11.982220 -10.907207
-15.804728 -1.427804
-7.987562 -17.371414
