-6.078927 29.248944
-5.586230 27.057695
-2.850270 32.959114
-0.488910 22.137199
-3.034943 12.440479
-0.677055 11.644464
-3.230567 1.769917
-2.953016 6.875687
-5.442195 11.117445
-6.817522 4.501441
-8.670699 1.637271
-10.063261 5.743522
-10.520003 13.535819
-8.801601 16.096061
-8.189318 15.146172
-8.102956 21.543114
-10.206868 19.631001
-16.092115 13.396403
-12.142318 1.728509
-13.402948 1.552624
-21.988411 7.386098
-20.783565 8.738387
-19.445025 20.634489
-21.821602 23.955413
-14.316579 29.584767
-11.478561 40.499317
-14.822807 41.503697
-19.328226 33.963376
-24.078176 42.967058
-23.435849 38.235641
-25.976507 38.650440
-25.661491 34.030883
-25.960233 34.851916
-27.992509 34.137104
-28.542802 40.013831
-29.930135 42.807151
-32.711519 37.125444
-30.388055 35.530764
-29.732059 39.013056
-32.230856 31.606191
-33.649897 29.402219
-32.035163 26.718774
-25.442630 21.804796
-26.820386 22.439209
-26.203077 16.935411
-27.698457 14.318496
-24.151174 8.933339
-23.662396 5.254320
-23.983675 1.673779
-29.331223 1.813239
-29.951533 0.578329
-30.972648 2.505989
-32.328795 6.243645
-29.026618 19.519509
-32.443624 16.953865
-33.443175 19.507176
-36.533831 18.848022
-37.633670 15.176264
-41.103388 8.481670
-39.788490 4.486258
-43.847770 4.040734
-42.213030 16.062462
-41.743762 13.459275
-41.071780 13.432738
-39.514114 14.059246
-44.105875 20.198419
-43.967331 27.525016
-43.971591 29.874180
-43.752199 31.477908
-41.387277 28.229568
-39.850298 32.139368
-39.986114 28.164269
-41.384256 23.824464
-34.445728 27.160919
-36.137639 28.788448
-34.759563 36.722297
-34.225444 39.131760
-38.368507 40.967549
-40.665269 38.529850
-42.162115 35.717413
-41.193225 37.279481
-42.211928 38.836806
-42.318351 47.436336
-41.125922 51.466684
-43.234957 52.106950
-41.042000 62.310516
-39.698274 65.650580
-40.672269 62.684282
-41.524033 60.807025
-39.102246 57.036243
-38.212226 66.236444
-35.865770 55.015699
-33.547682 54.730320
-22.676369 49.925710
-27.027194 58.675344
-23.437064 66.531548
-28.336647 65.873150
-30.759974 64.797316
-32.971249 62.010142
-33.406865 67.226997
-22.868100 70.718869
-29.934035 81.639560
-34.689150 89.966942
-38.095302 88.118347
-35.840602 82.680984
-33.865153 74.338727
-37.657799 72.151858
-41.984712 69.688308
-43.012903 75.988715
-43.146877 83.593507
-39.463046 88.375137
-49.471777 87.538240
-46.761229 80.874149
-46.709059 78.238994
-45.894740 72.691372
-46.641822 68.718992
-50.121770 74.669963
-53.283565 68.653912
-53.279186 70.476885
-53.822482 77.324512
-51.924231 86.169904
-59.150182 80.603813
-59.937648 69.890562
-59.379253 70.364655
-59.433688 46.321468
