-52.806341 134.600607
-52.461525 129.129189
-54.501278 128.241481
-55.916061 124.718247
-55.097442 129.548420
-57.391381 134.398354
-59.987945 126.397649
-57.802582 124.513287
-57.595916 157.435935
-56.719522 155.682796
-58.448053 150.986386
-57.668096 149.238039
-56.943329 143.576862
-58.131896 142.725738
-58.252958 137.332418
-53.793419 143.364198
-50.825403 144.245550
-48.078214 139.736605
-48.837253 137.670317
-49.076824 137.015425
-48.869611 135.519343
-48.155701 135.479014
-47.794466 140.866520
-46.528414 143.271061
-45.477728 144.624227
-48.569819 143.991091
-50.098405 141.374976
-50.302449 148.250391
-49.552821 151.197280
-46.780702 152.949634
-49.557513 156.952564
-51.652504 150.799906
-55.358187 160.583979
-50.748241 161.726963
-47.192330 158.880535
-45.597044 162.093354
-48.206842 173.381395
-49.777787 176.516350
-52.560918 175.390651
-51.678019 174.575595
-55.272327 170.861868
-54.946114 173.119883
-56.454200 168.642457
-58.582811 168.236421
-57.311799 161.923040
-57.049704 157.622826
-59.747114 166.314607
7.643578 -10.691312
10.078049 -21.160627
7.317307 -21.705368
