48.624770 73.764985
49.705276 77.172005
53.557374 68.908979
51.341946 81.504959
50.721810 83.421972
52.763157 81.052991
55.023624 81.125973
48.677889 84.552482
48.088035 82.238849
48.880533 83.518319
45.362157 84.792641
50.371393 97.646222
50.985922 95.559758
53.830716 90.229121
53.965758 92.728758
53.718412 97.875237
55.835191 97.115929
51.915391 103.332473
49.111135 102.346545
47.501227 109.491515
45.121455 111.832039
48.595676 116.095647
50.438994 122.609862
47.789757 120.182873
46.691832 120.098627
47.214673 129.007200
47.131514 128.881819
46.512086 133.580467
48.222136 125.960263
52.177690 123.897724
52.927379 133.552366
55.272346 131.861158
56.002929 127.922202
52.464615 120.721913
51.591488 115.579531
53.011166 113.833575
54.404116 115.270295
54.630544 117.139182
57.186225 121.518550
57.111861 125.484819
57.635917 124.810779
58.304589 128.954708
57.449974 128.083980
57.703677 131.558459
57.592076 100.017332
56.643409 97.319655
58.748980 163.413815
59.207825 162.478985
56.867011 142.169165
57.292952 146.106419
56.663379 147.947321
59.769785 152.302744
58.668195 155.178411
56.099827 155.305151
54.286082 152.738485
55.617121 139.465357
55.936094 137.889724
54.072684 140.484482
47.213765 142.396342
45.249165 145.617041
50.488635 150.146439
47.159433 155.546479
46.630680 161.083145
47.486098 163.779344
48.553492 168.385055
51.390306 166.892604
56.072222 171.892106
55.214992 173.358306
54.589881 171.832634
55.845604 176.539460
50.898966 176.982240
51.002152 179.677335
47.760582 170.498654
43.550937 176.730012
42.761808 174.397239
42.134744 179.469043
41.269562 176.355049
42.405289 170.751220
43.937337 172.542019
44.406326 174.330067
44.942213 162.393839
37.144562 165.000212
37.808393 157.514618
35.893698 162.206000
35.070688 165.868998
32.064845 179.626997
32.116113 177.119737
28.870062 169.294109
26.653002 177.885302
24.190811 177.316484
22.758158 174.674831
23.985364 174.548071
25.755115 169.104017
26.259443 171.636296
25.513205 167.235858
25.050700 166.957433
24.787133 164.112260
25.900887 161.232138
30.809185 164.870865
29.845874 163.352859
31.621834 164.827519
24.829414 149.939230
24.337876 150.197122
22.923777 151.253482
24.922143 148.119070
26.544862 149.369042
22.863281 143.614464
22.999525 137.884234
22.812800 137.032202
23.019528 135.993664
31.674211 141.364414
31.325576 143.384682
35.689500 139.691700
38.896024 136.258889
36.495608 145.243787
36.022754 143.161254
36.044708 148.689859
36.617815 151.886439
36.578668 148.733448
40.388407 156.315237
42.347529 155.585451
41.884739 146.171273
41.517305 141.037624
40.868499 136.366585
44.954784 139.593449
