-37.704387 -147.069669
-37.532569 -146.563400
-37.026116 -151.260898
-34.700364 -155.747478
-35.671160 -163.920722
-36.052078 -163.148084
-37.097916 -157.992416
-42.290756 -164.160845
-41.941022 -164.924047
-41.744294 -170.042690
-40.542931 -175.375187
-37.457674 -175.579774
-30.168701 -175.354785
-30.137448 -172.168777
-32.877230 -171.815340
-33.303212 -172.925864
-31.306510 -166.957531
-32.647330 -159.169780
-29.542173 -160.826551
-29.701939 -160.476507
-28.480792 -164.171839
-26.563036 -162.533791
-24.619206 -158.284779
-25.539697 -169.447923
-26.344505 -171.178350
-24.520328 -176.938072
-22.156810 -176.024278
-17.971419 -177.857511
-15.829638 -175.657794
-11.562437 -171.880545
-14.979699 -170.268315
-14.448002 -173.470311
-14.445295 -168.525724
-13.364863 -159.303742
-16.305883 -159.546668
-18.283703 -160.035058
-17.516928 -164.847300
-17.134520 -165.739360
-17.520123 -166.511445
-18.759797 -150.477654
-21.407846 -149.872859
-21.009810 -137.576718
-21.079174 -135.338245
-14.997029 -143.665325
-16.823092 -142.324114
-14.499110 -136.761656
-15.607209 -147.204216
-15.236457 -156.410001
-8.098903 -151.094021
-7.403600 -150.547113
-6.935603 -143.323471
-1.034087 -150.580308
-1.620249 -148.861510
-5.620967 -152.526133
-3.950829 -157.253636
-5.291355 -161.896587
-6.379765 -158.262354
-8.022167 -159.520554
-10.825404 -165.452503
-6.819282 -167.290460
-8.546294 -173.168574
-9.602664 -176.066996
-11.016928 -176.415398
-7.545354 -179.624795
-6.862456 -178.687504
-4.142757 -172.609777
2.287097 -175.846742
5.238614 -178.611834
3.417983 -173.873527
0.028207 -173.956593
0.646207 -165.058254
3.309693 -158.648622
5.375732 -164.375810
3.539519 -166.976035
7.734615 -163.957375
7.287343 -163.752285
5.985569 -173.112286
7.550826 -172.502370
7.838712 -178.248355
10.094269 -176.269679
16.351383 -175.740884
14.406521 -179.206511
17.615656 -170.062630
16.920372 -164.149619
20.809118 -157.951486
18.923086 -159.714585
14.799099 -157.963494
14.464046 -159.217665
14.344729 -167.756575
11.905222 -163.822345
13.380402 -159.080908
12.904374 -150.452428
15.882024 -157.449797
18.141150 -142.935096
19.114285 -142.316853
20.366452 -136.341995
12.021920 -144.210201
11.378173 -140.668061
10.502287 -138.007669
8.573387 -139.025251
6.429876 -142.909454
9.579054 -144.986485
9.196070 -140.861843
10.561424 -144.843825
9.730892 -146.573649
8.794758 -148.601548
10.753846 -149.299782
9.693222 -155.356527
3.702767 -148.403201
2.867969 -153.352206
2.019197 -154.318245
1.842630 -150.201561
0.000516 -145.902766
3.787364 -142.391406
3.192802 -137.713472
1.472825 -139.622820
1.035017 -134.771305
1.088462 -129.304383
10.717954 -129.428350
5.680807 -128.761366
11.005170 -119.534654
7.745000 -113.134399
3.807917 -117.944866
1.638866 -118.309270
0.970114 -113.739675
2.047582 -106.637465
3.714575 -94.450016
5.480651 -90.878621
6.550201 -96.160436
10.120193 -96.823151
9.315872 -96.361696
11.165151 -103.431260
15.327350 -109.932454
12.436988 -105.532632
12.793979 -96.685681
16.763696 -90.187939
16.163354 -98.861073
17.871524 -108.974868
21.150837 -108.251370
18.706203 -119.402713
15.443490 -116.725225
15.950044 -126.518413
11.372090 -127.624272
20.008167 -131.689946
23.232784 -132.652017
24.755273 -132.502380
24.710049 -127.972091
26.662669 -128.843637
27.278706 -132.259418
29.548538 -132.813421
31.630230 -132.819770
32.262098 -130.975750
28.605298 -121.012713
33.350218 -121.399489
31.783935 -117.511580
28.776376 -117.360360
28.358878 -115.767892
25.841190 -114.889425
24.087829 -118.906389
23.979784 -113.438594
28.006529 -112.443019
27.148624 -109.636128
28.078640 -105.148156
25.612215 -102.476112
24.161602 -101.084189
23.042803 -98.407853
27.185724 -100.013639
33.525712 -91.098635
32.171305 -96.681964
30.863119 -103.192244
28.789854 -104.687496
37.856680 -111.886559
38.495885 -112.310935
37.455234 -109.524647
38.816173 -101.653816
35.213804 -97.771414
41.905153 -99.063578
43.683370 -102.962687
40.603438 -105.067170
42.579054 -111.443790
44.765647 -109.855068
39.423099 -118.859667
36.680555 -114.844497
35.000625 -113.506355
36.900560 -121.145723
38.621724 -119.380937
38.554814 -124.431307
39.087464 -129.063609
35.553976 -127.110274
37.026626 -129.535819
39.065050 -131.445341
41.517639 -133.130576
40.964084 -135.773644
39.688852 -142.502382
41.732895 -144.199254
43.098114 -144.782030
44.812390 -156.119463
41.547410 -147.981094
36.105247 -157.001904
34.814582 -137.554485
32.921867 -136.553771
28.620148 -137.826147
27.268126 -138.670431
25.209418 -140.094499
27.145070 -141.170508
23.567911 -149.799378
24.515560 -149.262905
25.484548 -157.245305
26.932791 -153.146222
28.218812 -157.139172
30.882692 -147.584134
32.749756 -159.105048
32.440548 -157.673846
31.787369 -160.808098
33.040122 -161.210731
30.940435 -165.332599
26.599365 -163.071930
25.198328 -165.569190
24.141224 -165.360767
27.907339 -164.677056
23.953281 -168.788493
22.956446 -178.482652
25.945433 -175.310573
27.324404 -177.537946
30.659328 -178.647381
32.685366 -169.495113
31.218782 -176.299661
33.847070 -177.579944
35.410435 -174.584702
35.632528 -175.685404
35.837135 -160.363299
37.452092 -161.265313
38.676084 -166.346266
40.057933 -162.111006
44.503045 -160.377592
42.483578 -168.407927
44.586930 -172.590316
40.451179 -175.367745
39.968792 -174.758752
39.391290 -179.976517
44.777669 -177.596535
44.393682 -178.405309
45.231690 -172.032049
45.166156 -169.732837
47.109404 -173.638194
50.479708 -177.842722
52.612888 -176.714554
53.115871 -174.790241
54.434973 -173.897790
52.729191 -170.060187
52.286566 -173.280651
51.419307 -169.037385
51.471153 -169.000310
53.575312 -160.942730
53.768549 -160.443833
53.351942 -161.580974
51.508254 -161.296559
49.599371 -158.126323
49.297479 -157.547475
49.351957 -162.651530
46.709330 -161.257517
47.485621 -155.603790
48.365837 -155.354054
49.458937 -150.141632
50.091303 -148.147483
46.370820 -149.613944
45.895880 -143.744913
46.786617 -141.500845
45.698440 -136.029083
46.280210 -136.825660
47.387834 -135.927379
52.788735 -141.809936
51.222877 -139.521088
54.843061 -150.796341
54.512427 -147.810380
51.053527 -153.091388
55.397061 -155.998390
58.421858 -154.280130
57.157340 -148.401284
57.071109 -141.111148
56.512175 -142.287512
58.545643 -163.965088
57.063544 -167.919157
59.052622 -175.260080
56.588046 -95.500559
57.414421 -100.792659
59.365122 -101.298941
57.515239 -105.385485
57.378308 -105.628699
58.326885 -106.850377
58.462214 -105.363152
59.882227 -130.625023
57.891071 -130.864637
57.396283 -130.135180
57.153350 -114.864536
52.925378 -112.753033
51.861474 -114.302594
54.855231 -123.029381
55.246725 -128.990395
53.651137 -132.378804
49.073303 -133.559008
46.646869 -125.995647
46.758031 -124.067751
49.628032 -120.872525
50.102943 -119.111829
53.373778 -106.992495
54.913073 -105.471994
55.918792 -101.984115
54.663553 -103.867612
52.470114 -97.789859
53.244413 -96.661935
53.598526 -91.511088
53.295967 -92.690338
51.861628 -90.721992
50.027570 -96.483262
