-41.509011 -17.991499
-40.685319 -8.617902
-37.717199 -8.425979
-38.693880 -5.849593
-35.584109 -1.089007
-35.955818 -8.050582
-34.298793 -11.340683
-36.040016 -13.117543
-36.235272 -12.287751
-36.977851 -15.689249
-38.304925 -21.105575
-37.805352 -21.448086
-34.091400 -20.335762
-32.509126 -22.188402
-29.416654 -17.915601
-29.132061 -11.993784
-32.941056 -12.885262
-32.913767 -10.778439
-31.590697 -7.411484
-30.525845 -0.881108
-28.894927 -6.528568
-27.784530 -10.444662
-26.912446 -10.462926
-26.031940 -8.656868
-27.948244 -4.527283
-26.353038 -2.550663
-23.525641 -5.481129
-24.340866 -8.685231
-23.871701 -8.685720
-27.762699 -12.014596
-27.453313 -17.123610
-24.426389 -19.959744
-23.652591 -21.832482
-23.727057 -25.365004
-23.746649 -29.443639
-24.895548 -32.604494
-25.202005 -29.159808
-25.602097 -28.441982
-27.202338 -24.111116
-29.919959 -29.252381
-31.851434 -35.863844
-30.910421 -41.069786
-24.121567 -35.837575
-16.993752 -38.824387
-17.019460 -39.328641
-17.736347 -44.835434
-16.814401 -42.173110
-12.073249 -36.543168
-15.583672 -34.659182
-13.658134 -27.360146
-19.447781 -32.373502
-18.938070 -29.370133
-21.534357 -16.631042
-21.211353 -8.952431
-14.686809 -8.696101
-15.804728 -1.427804
-11.982220 -10.907207
-11.717584 -16.175723
-12.199037 -14.080489
-6.983409 -19.008858
-7.987562 -17.371414
-10.297750 -9.150448
-9.684682 -0.334080
-9.464219 -0.058256
-6.834161 -2.105652
-4.591847 -10.872013
-2.819034 -12.919431
-2.802863 -32.391911
-1.457994 -29.369903
-3.068262 -30.528312
-4.820824 -32.958515
-3.793356 -26.490494
-8.399549 -23.290388
-8.943333 -26.823132
-8.192737 -29.270254
-9.342333 -37.871904
-8.640037 -43.457692
-7.043721 -41.594448
-4.032578 -44.272516
-3.294129 -38.504230
-2.847312 -38.761799
-1.022853 -39.310473
-0.456773 -46.624407
-0.565033 -49.585039
-1.847132 -46.107261
-3.217441 -51.506777
-0.214908 -63.145708
-2.992720 -60.677637
-7.269581 -61.576565
-5.651127 -61.702664
-9.767083 -67.378293
-10.836055 -63.575890
-10.584641 -60.726777
-6.216173 -55.752551
-8.338166 -46.424860
-12.486564 -47.890274
-14.005277 -53.465025
-13.215741 -50.913879
-15.229554 -50.774077
-15.307691 -46.776869
-18.337267 -46.720780
-21.977859 -49.484100
-20.143646 -58.965566
-20.680729 -58.762142
-20.433097 -64.056107
-16.334136 -57.510947
-14.271593 -61.673336
-11.836684 -59.018601
-13.924279 -63.845175
-11.576518 -67.875380
-16.831952 -74.399750
-15.593243 -68.562667
-17.977401 -71.497862
-18.956332 -70.402471
-19.075492 -83.437653
-21.092529 -86.086348
-21.510218 -87.793693
-18.560985 -85.688841
-13.809868 -79.776481
-11.460489 -86.635404
-13.157438 -87.751409
-10.775765 -89.260989
-10.290103 -89.273916
-6.472348 -84.542544
-9.005571 -79.329562
-9.044187 -82.671748
45.154624 -83.937410
47.475138 -81.065103
48.744777 -80.401908
50.630688 -84.605591
52.298253 -87.664880
51.958150 -80.614359
51.042702 -68.054312
50.545623 -76.543259
49.826173 -77.352064
48.276782 -77.906688
45.582884 -71.277721
47.087836 -69.281879
45.646257 -69.070487
49.121772 -65.232658
47.901725 -59.284433
48.171653 -46.376019
49.572670 -54.217426
50.901716 -47.783368
52.629646 -46.860248
50.838617 -66.543156
52.980095 -65.530411
58.269362 -51.070553
57.898915 -45.622914
58.184886 -78.777223
56.415078 -83.656846
58.975723 -82.391411
58.266857 -84.644557
58.609096 -2.460343
57.511619 -1.679566
57.514109 -7.842707
58.258268 -9.393769
59.696948 -15.508038
58.323758 -16.613337
58.943475 -17.593813
57.709714 -42.794856
56.936921 -39.229773
56.654930 -29.538384
58.952012 -28.952343
54.584589 -24.425650
52.485617 -24.800276
51.756297 -29.340422
54.836594 -29.342272
54.205151 -44.187140
52.874557 -42.983903
48.719908 -37.408100
45.441242 -37.758642
46.966595 -38.793083
47.516496 -28.521557
47.577672 -29.519591
46.729431 -31.856568
48.401029 -25.240633
45.854706 -25.469483
45.903991 -24.255179
50.285857 -12.210913
52.237570 -20.672370
52.348622 -14.696812
50.677904 -10.995878
51.225745 -4.831153
51.507400 -0.127800
48.147440 -2.086984
48.282704 -7.906580
46.539534 -9.465284
45.923515 -11.183880
42.047521 -7.213648
41.335750 -7.667997
40.527818 -8.700163
39.537284 -8.668987
39.679785 -9.530271
44.660705 -15.157164
43.543575 -21.268225
37.483374 -20.977178
35.226584 -6.299118
38.169304 -9.447434
37.823499 -5.982070
33.932330 -1.282955
33.111041 -1.398700
33.738661 -6.274829
31.749641 -9.930567
31.982072 -8.132621
29.783558 -3.017123
23.220054 -0.243987
24.749882 -16.703556
23.050397 -20.322509
26.990016 -17.383575
28.850862 -20.240235
31.958021 -11.741584
33.213989 -15.263283
31.565199 -26.671043
32.657079 -27.634826
33.741155 -31.864269
28.125552 -30.193115
28.676760 -24.314479
26.465818 -23.106808
24.217386 -23.243773
24.600777 -29.786449
27.171473 -30.330989
24.383493 -34.798616
28.566144 -44.160611
28.643228 -41.906171
32.237807 -37.178246
36.807550 -42.247813
39.212773 -43.124327
37.957200 -39.052046
35.604294 -36.150735
35.560873 -28.275713
34.013632 -29.178893
41.909930 -30.359611
39.874284 -28.560493
39.788030 -27.840415
42.577890 -25.466445
44.721754 -23.414322
44.004746 -26.446669
42.822463 -28.736754
44.761781 -32.665003
39.584219 -35.387529
41.989494 -39.922886
44.844199 -45.956231
41.382976 -51.303871
39.740341 -50.130508
41.282446 -49.378979
41.328668 -46.079684
37.557850 -50.464063
37.128062 -50.383136
35.196731 -48.886664
36.491858 -54.142094
36.815337 -55.996142
38.386815 -52.182824
39.275105 -56.695031
38.419858 -67.003931
42.046898 -60.116305
41.032144 -59.730996
41.020910 -71.247895
40.712800 -74.006000
39.524255 -73.476630
41.283080 -84.180631
38.617112 -81.028832
37.719124 -86.695626
35.880865 -83.112453
38.972526 -71.099599
33.532537 -78.398615
32.732087 -80.934853
33.002825 -85.716609
32.649780 -89.739661
32.347373 -87.960421
29.867707 -88.013380
25.551604 -84.110016
23.509713 -84.112479
27.306692 -76.035200
24.274225 -70.137795
24.167974 -63.251280
22.852272 -58.865573
23.268176 -56.892383
24.947554 -58.752297
26.163461 -61.038086
27.985340 -63.811283
25.790325 -63.040237
27.474321 -66.471569
31.326353 -58.151163
31.130191 -50.577404
31.691854 -49.955217
30.159959 -47.765800
30.500391 -46.524556
30.508745 -50.483265
26.959214 -54.150846
25.136089 -55.291289
23.685510 -48.897341
23.902905 -50.158800
20.997994 -45.940380
16.315062 -63.804574
19.676371 -67.463447
18.931142 -64.523536
19.433171 -60.978556
22.105109 -57.610427
19.077733 -69.574324
17.082311 -68.421355
19.769203 -73.592864
21.138884 -84.102887
22.113193 -83.438042
20.491030 -86.968383
16.558086 -83.060437
14.855929 -86.672371
14.815749 -84.959999
13.348818 -82.916593
12.749611 -82.217954
16.707721 -73.139713
14.830354 -74.957809
14.249150 -74.355461
15.377618 -67.743441
6.592406 -72.733058
9.286488 -76.276865
9.015556 -73.406525
3.595298 -80.146850
3.799630 -82.442702
3.179964 -89.923760
0.838845 -79.892337
0.429154 -74.262611
4.743415 -71.720237
4.299381 -68.632719
1.555309 -68.580987
0.704616 -64.497426
9.461416 -64.477555
8.663875 -62.177998
6.626426 -57.860124
6.289317 -51.611068
9.980150 -51.871667
9.098599 -47.667484
4.635993 -51.910113
0.377737 -50.397561
0.258547 -40.640414
5.116580 -40.875720
4.368866 -39.981902
3.804485 -34.746405
1.006893 -37.243301
6.574905 -32.371905
6.184409 -23.708084
8.625376 -29.087178
9.597735 -37.408102
6.306972 -36.380572
7.569808 -37.978796
9.041050 -43.862658
11.210336 -39.592640
10.717581 -42.436922
14.432748 -33.824829
16.690906 -37.521882
22.172256 -43.844513
18.882825 -35.897854
18.091059 -39.135609
21.407540 -26.435135
18.744758 -25.105512
17.451492 -24.825387
14.903234 -25.513262
15.843979 -28.869496
15.966260 -30.497990
15.857837 -16.768159
15.204600 -18.084886
21.951149 -19.506078
17.949437 -14.901610
18.093204 -10.479575
20.766379 -2.973908
22.143192 -5.182520
15.621340 -4.470336
13.808599 -7.289677
13.085996 -8.812811
13.241942 -8.501641
11.567303 -7.322398
11.969431 -8.232307
12.295344 -0.735347
6.548026 -3.385534
5.901443 -7.943879
