47.109404 -173.638194
44.503045 -160.377592
44.812390 -156.119463
46.709330 -161.257517
47.485621 -155.603790
49.351957 -162.651530
49.599371 -158.126323
48.365837 -155.354054
49.297479 -157.547475
46.370820 -149.613944
45.895880 -143.744913
46.786617 -141.500845
49.458937 -150.141632
31.630230 -132.819770
32.921867 -136.553771
32.262098 -130.975750
34.814582 -137.554485
35.553976 -127.110274
31.783935 -117.511580
33.350218 -121.399489
35.000625 -113.506355
30.863119 -103.192244
37.026626 -129.535819
40.964084 -135.773644
39.065050 -131.445341
39.087464 -129.063609
41.517639 -133.130576
38.554814 -124.431307
36.900560 -121.145723
38.621724 -119.380937
36.680555 -114.844497
39.423099 -118.859667
37.856680 -111.886559
37.455234 -109.524647
38.495885 -112.310935
38.816173 -101.653816
40.603438 -105.067170
42.579054 -111.443790
45.698440 -136.029083
46.280210 -136.825660
47.387834 -135.927379
49.073303 -133.559008
46.646869 -125.995647
46.758031 -124.067751
49.628032 -120.872525
44.765647 -109.855068
43.683370 -102.962687
32.171305 -96.681964
32.649780 -89.739661
32.347373 -87.960421
33.525712 -91.098635
35.213804 -97.771414
33.002825 -85.716609
32.732087 -80.934853
33.532537 -78.398615
35.880865 -83.112453
37.719124 -86.695626
41.905153 -99.063578
38.617112 -81.028832
39.524255 -73.476630
40.712800 -74.006000
41.283080 -84.180631
38.419858 -67.003931
38.972526 -71.099599
41.020910 -71.247895
42.046898 -60.116305
45.154624 -83.937410
47.475138 -81.065103
48.276782 -77.906688
48.744777 -80.401908
49.826173 -77.352064
45.582884 -71.277721
45.646257 -69.070487
47.087836 -69.281879
49.121772 -65.232658
50.479708 -177.842722
51.419307 -169.037385
51.471153 -169.000310
52.612888 -176.714554
52.286566 -173.280651
53.115871 -174.790241
54.434973 -173.897790
52.729191 -170.060187
51.508254 -161.296559
53.351942 -161.580974
53.575312 -160.942730
53.768549 -160.443833
55.397061 -155.998390
51.053527 -153.091388
50.091303 -148.147483
52.788735 -141.809936
54.843061 -150.796341
54.512427 -147.810380
56.512175 -142.287512
57.063544 -167.919157
59.052622 -175.260080
58.545643 -163.965088
58.421858 -154.280130
57.157340 -148.401284
57.071109 -141.111148
51.222877 -139.521088
53.651137 -132.378804
55.246725 -128.990395
50.102943 -119.111829
51.861474 -114.302594
54.855231 -123.029381
52.925378 -112.753033
53.373778 -106.992495
54.913073 -105.471994
54.663553 -103.867612
55.918792 -101.984115
57.396283 -130.135180
57.891071 -130.864637
59.882227 -130.625023
57.153350 -114.864536
57.378308 -105.628699
57.515239 -105.385485
58.326885 -106.850377
58.462214 -105.363152
57.414421 -100.792659
59.365122 -101.298941
50.027570 -96.483262
51.861628 -90.721992
52.470114 -97.789859
53.244413 -96.661935
53.295967 -92.690338
53.598526 -91.511088
52.298253 -87.664880
56.588046 -95.500559
50.630688 -84.605591
51.958150 -80.614359
50.545623 -76.543259
56.415078 -83.656846
51.042702 -68.054312
50.838617 -66.543156
52.980095 -65.530411
58.266857 -84.644557
58.184886 -78.777223
58.975723 -82.391411
31.326353 -58.151163
30.508745 -50.483265
30.159959 -47.765800
31.130191 -50.577404
31.691854 -49.955217
36.491858 -54.142094
35.196731 -48.886664
30.500391 -46.524556
32.237807 -37.178246
35.604294 -36.150735
31.565199 -26.671043
33.741155 -31.864269
34.013632 -29.178893
32.657079 -27.634826
35.560873 -28.275713
36.815337 -55.996142
38.386815 -52.182824
37.128062 -50.383136
37.557850 -50.464063
39.275105 -56.695031
41.032144 -59.730996
39.740341 -50.130508
41.382976 -51.303871
41.282446 -49.378979
36.807550 -42.247813
37.957200 -39.052046
39.212773 -43.124327
39.584219 -35.387529
41.328668 -46.079684
41.989494 -39.922886
37.483374 -20.977178
39.874284 -28.560493
39.788030 -27.840415
41.909930 -30.359611
42.577890 -25.466445
42.822463 -28.736754
47.901725 -59.284433
49.572670 -54.217426
44.844199 -45.956231
45.441242 -37.758642
46.966595 -38.793083
48.171653 -46.376019
48.719908 -37.408100
44.761781 -32.665003
44.004746 -26.446669
43.543575 -21.268225
44.721754 -23.414322
46.729431 -31.856568
47.577672 -29.519591
45.854706 -25.469483
47.516496 -28.521557
45.903991 -24.255179
48.401029 -25.240633
31.958021 -11.741584
31.749641 -9.930567
31.982072 -8.132621
33.213989 -15.263283
33.738661 -6.274829
33.111041 -1.398700
33.932330 -1.282955
35.226584 -6.299118
35.355022 0.683183
35.016484 6.401483
31.493026 9.644197
36.438085 7.051620
38.169304 -9.447434
39.537284 -8.668987
39.679785 -9.530271
40.527818 -8.700163
41.335750 -7.667997
42.047521 -7.213648
37.823499 -5.982070
39.876581 2.806959
38.844837 7.664547
37.170565 14.074481
41.112068 11.461403
44.660705 -15.157164
45.923515 -11.183880
46.539534 -9.465284
48.282704 -7.906580
43.723665 0.124546
43.761658 6.424960
48.147440 -2.086984
49.627910 0.148582
48.711810 2.745682
48.685697 4.199243
48.879232 6.303797
46.067724 14.228143
46.490398 11.244544
49.142590 14.337843
48.002618 16.924695
33.080071 27.887675
33.509535 29.875613
31.452663 39.816843
33.640215 39.740958
35.253398 37.389937
30.083276 57.391780
33.025630 54.920505
34.484414 50.240173
35.009325 57.179165
35.763236 57.772236
36.705150 24.462689
41.833579 20.658364
42.314470 40.227202
37.632465 53.876027
38.868932 55.308033
38.846331 58.186348
40.851997 52.743867
41.169363 47.734926
42.159503 48.512023
42.536079 54.931526
