-37.657799 72.151858
-35.840602 82.680984
-34.689150 89.966942
-38.095302 88.118347
-39.463046 88.375137
-43.146877 83.593507
-46.761229 80.874149
-46.709059 78.238994
-46.641822 68.718992
-45.894740 72.691372
-41.984712 69.688308
-43.012903 75.988715
-39.698274 65.650580
-40.672269 62.684282
-39.102246 57.036243
-41.524033 60.807025
-41.042000 62.310516
-48.261260 59.813037
-45.504812 45.593766
-42.318351 47.436336
-43.234957 52.106950
-41.125922 51.466684
-35.865770 55.015699
-38.212226 66.236444
-33.406865 67.226997
-32.971249 62.010142
-30.759974 64.797316
-33.547682 54.730320
-30.388055 35.530764
-32.711519 37.125444
-34.225444 39.131760
-38.368507 40.967549
-34.759563 36.722297
-36.137639 28.788448
-34.445728 27.160919
-33.649897 29.402219
-32.230856 31.606191
-32.035163 26.718774
-33.443175 19.507176
-32.443624 16.953865
-30.972648 2.505989
-32.328795 6.243645
-37.633670 15.176264
-36.533831 18.848022
-42.213030 16.062462
-41.743762 13.459275
-41.071780 13.432738
-39.514114 14.059246
-39.788490 4.486258
-41.103388 8.481670
-43.847770 4.040734
-47.479101 9.883183
-47.885890 15.973208
-45.384790 14.112287
-44.105875 20.198419
-43.752199 31.477908
-43.971591 29.874180
-43.967331 27.525016
-41.384256 23.824464
-39.986114 28.164269
-39.850298 32.139368
-41.387277 28.229568
-42.211928 38.836806
-41.193225 37.279481
-42.162115 35.717413
-40.665269 38.529850
-45.062903 40.827109
-45.574055 35.048630
-47.126202 34.077526
-47.872554 38.833681
-47.351417 41.097422
-46.227855 40.848886
-49.022998 35.985697
-51.409739 37.577770
-52.623649 39.550310
-52.444897 44.127274
-55.331605 43.248436
-56.291757 42.973055
-56.295209 43.624094
-56.152291 28.312812
-58.166350 28.606612
-53.009404 23.678971
-53.793810 31.520286
-52.417324 29.193436
-54.052917 17.659533
-51.573067 19.195211
-53.331098 16.719719
-52.835223 13.136077
-53.476658 12.698667
-54.151095 12.250317
-51.609995 11.846570
-51.349985 13.556217
-49.671127 6.607177
-55.041620 11.099045
-57.061432 6.110629
-57.269262 5.395615
-59.924365 13.901962
-58.596745 12.608373
-54.654012 17.604682
-55.244688 19.628000
-59.138411 22.120891
-59.169980 18.108016
-59.433688 46.321468
-49.691562 54.189691
-50.633452 55.617381
-50.852360 53.990954
-52.006079 51.468693
-50.645821 63.231055
-52.912652 63.477498
-55.356663 59.898185
-59.937648 69.890562
-59.379253 70.364655
-53.283565 68.653912
-53.279186 70.476885
-50.121770 74.669963
-53.822482 77.324512
-49.471777 87.538240
-51.924231 86.169904
-59.150182 80.603813
-55.054988 114.646639
-55.766235 120.570905
-54.646677 121.552836
-59.987945 126.397649
-57.802582 124.513287
-57.391381 134.398354
-55.097442 129.548420
-54.501278 128.241481
-55.916061 124.718247
-52.461525 129.129189
-52.806341 134.600607
-51.478431 122.098343
-53.199663 122.746559
-53.178344 117.526951
-50.028167 114.986515
-49.396492 112.900019
-51.144651 110.485789
-49.452662 106.296744
-48.745001 102.609354
-52.231440 107.098183
-56.269100 103.018313
-57.422448 98.344676
-59.768880 99.600290
-55.417180 93.495435
-54.951664 91.637919
-51.637020 100.501017
-50.560487 97.081713
-49.574750 90.425140
-44.341813 91.495808
-45.207078 94.603644
-45.782322 93.185281
-45.196970 98.315211
-43.701836 98.238013
-43.589322 103.046211
-40.613052 107.914840
-39.349040 111.985107
-40.181026 105.932191
-39.676960 92.253701
-31.858029 90.651050
-31.712594 98.515288
-32.561153 99.398346
-32.994185 104.169317
-31.982489 107.940389
-34.432666 101.494411
-37.590177 110.889603
-38.035754 119.889793
-34.287309 117.640868
-30.232996 115.870541
-43.394912 133.554860
-40.968055 121.446075
-43.452775 123.389100
-45.475913 121.346901
-45.219967 117.411069
-46.290615 116.603942
-48.012045 120.510102
-46.869293 126.097071
-44.718218 133.722909
-47.191060 134.385686
-48.404409 129.921394
-48.155701 135.479014
-48.078214 139.736605
-45.477728 144.624227
-46.528414 143.271061
-47.794466 140.866520
-48.569819 143.991091
-46.780702 152.949634
-42.906154 152.581954
-41.504100 156.269794
-39.828782 148.913154
-37.969556 136.810593
-37.036982 135.862490
-36.533757 139.565071
-38.305678 138.769333
-38.133256 145.250074
-36.205993 137.327472
-31.629810 139.999054
-32.384425 145.308336
-33.189619 142.222121
-32.406417 150.439075
-32.973756 157.317205
-33.432568 153.849236
-34.309217 147.176794
-35.056356 148.160043
-36.855339 146.426196
-37.789637 158.289037
-38.395990 167.435679
-35.014654 162.630480
-35.067054 159.074349
-31.616451 159.399876
-33.825139 173.873367
-31.553925 170.916312
-30.118286 169.471941
-32.265309 179.202119
-39.594987 176.699985
-40.405852 177.371247
-42.477697 174.359725
-39.982358 165.120399
-43.262320 163.646977
-45.597044 162.093354
-47.192330 158.880535
-48.206842 173.381395
-43.731599 174.311715
-49.777787 176.516350
-52.560918 175.390651
-51.678019 174.575595
-54.946114 173.119883
-55.272327 170.861868
-56.454200 168.642457
-58.582811 168.236421
-59.747114 166.314607
-57.049704 157.622826
-57.311799 161.923040
-55.358187 160.583979
-50.748241 161.726963
-49.557513 156.952564
-51.652504 150.799906
-50.302449 148.250391
-49.552821 151.197280
-50.825403 144.245550
-50.098405 141.374976
-48.837253 137.670317
-49.076824 137.015425
-48.869611 135.519343
-53.793419 143.364198
-56.943329 143.576862
-58.252958 137.332418
-58.131896 142.725738
-58.448053 150.986386
-57.668096 149.238039
-56.719522 155.682796
-57.595916 157.435935
